  0.00000304199384227  0.00000317887963851  0.00000329652955907  0.00000340911668140
  0.00000349582393648  0.00000361083157522  0.00000374321131595  0.00000388524387849
  0.00000402950490716  0.00000417455919180  0.00000432664047461  0.00000449343683659
  0.00000466904385087  0.00000484910646054  0.00000505293727942  0.00000528639112709
  0.00000552527900832  0.00000577116789014  0.00000603425006929  0.00000632463252920
  0.00000663431361209  0.00000697973861112  0.00000734886729917  0.00000773378486363
  0.00000814979482664  0.00000859752977535  0.00000906367736446  0.00000956069520981
  0.00001008076544939  0.00001062023347993  0.00001121385791843  0.00001185088025143
  0.00001250913273840  0.00001320746236647  0.00001390600367615  0.00001464785083198
  0.00001545979282052  0.00001628941244914  0.00001716698358403  0.00001809277623743
  0.00001905636583127  0.00002010566450392  0.00002124388714161  0.00002242733199698
  0.00002372184504378  0.00002507965255417  0.00002652104780231  0.00002806212431295
  0.00002968555492871  0.00003140938982862  0.00003324536494899  0.00003515226044241
  0.00003719793567716  0.00003935378743008  0.00004157308722363  0.00004402567147720
  0.00004653058333370  0.00004926865882974  0.00005220312052000  0.00005521165539291
  0.00005845803643867  0.00006192256303372  0.00006574067014950  0.00007010353395971
  0.00007489951889625  0.00008021828891229  0.00008587939151556  0.00009208228756994
  0.00009905619912323  0.00010689198703433  0.00011544477723114  0.00012471308569742
  0.00013516522435707  0.00014678479631518  0.00015927189414224  0.00017278168334105
  0.00018802068766048  0.00020488330432783  0.00022315638773437  0.00024346910919992
  0.00026693195663218  0.00029328271147656  0.00031905678462173  0.00034731774155764
  0.00038188968465583  0.00043370903455186  0.00051324417690111  0.00061472870801482
  0.00073377277187789  0.00090877897240155  0.00112233989901613  0.00132792566967428
  0.00169014354202297  0.00259448874663620  0.01125248063696123  1.00000000000000000
  0.00000258669830584  0.00000288624536354  0.00000308243243857  0.00000328963338681
  0.00000350910148414  0.00000373081452352  0.00000395536931545  0.00000418973204421
  0.00000443949304678  0.00000470439507969  0.00000497178903354  0.00000525805993304
  0.00000555461340210  0.00000586844427717  0.00000621035762899  0.00000657272876757
  0.00000694967863458  0.00000736469564185  0.00000777118625840  0.00000820739520481
  0.00000864968105254  0.00000910396864850  0.00000957590838389  0.00001007303247296
  0.00001058503364649  0.00001113848157449  0.00001170735784646  0.00001229669712881
  0.00001294264635706  0.00001361609466179  0.00001429896851477  0.00001501570849315
  0.00001577443188387  0.00001653466120045  0.00001735518605188  0.00001820687305098
  0.00001906366817792  0.00001998936275211  0.00002099724902466  0.00002204773968474
  0.00002318045221732  0.00002434828051779  0.00002551940226244  0.00002674214308993
  0.00002808615931044  0.00002946730575023  0.00003095694780745  0.00003255925394731
  0.00003419854876133  0.00003589347501998  0.00003770429861698  0.00003965064661003
  0.00004164929714444  0.00004378962927000  0.00004595984306095  0.00004821583810760
  0.00005071446571658  0.00005335012918672  0.00005617411337439  0.00005926169716883
  0.00006250499918189  0.00006590922651383  0.00006973838116842  0.00007369947113263
  0.00007831397517775  0.00008329410909912  0.00008863762314162  0.00009410157048835
  0.00009945260964746  0.00010518093722026  0.00011146143046149  0.00011913064911565
  0.00012808791320915  0.00013764032342174  0.00014777999070633  0.00015846285922873
  0.00017049183927289  0.00018437176049040  0.00020119067212338  0.00022006207282210
  0.00023844059998561  0.00025846161172208  0.00028210542729994  0.00031186863464765
  0.00034881720946771  0.00039939773833450  0.00046695439941377  0.00055578524124241
  0.00066819254020800  0.00081473658258954  0.00102214139605661  0.00129213020175521
  0.00162274658253575  0.00218942839414854  0.02231459601285831  1.00000000000000000
 -0.00204649343659649  0.00912524135106942  0.01898970252617829  0.02961251337245916
  0.04044354066804581  0.05063653352857089  0.06102264999096831  0.07158758555331077
  0.08233407503283012  0.09281015224461801  0.10312241301362433  0.11357040119364771
  0.12443100542973551  0.13487719250655106  0.14518223426881063  0.15548471583216750
  0.16606874618518305  0.17714243804369834  0.18782474011872966  0.19805723730138683
  0.20792101409199060  0.21814903315335826  0.22866785047165838  0.23947519795241337
  0.25023328455536337  0.26105650488210341  0.27208050549561930  0.28319606698612004
  0.29414131440130165  0.30469474180653877  0.31512159329421219  0.32581262241429532
  0.33673149438500022  0.34739331694097625  0.35769407751103655  0.36783049211948254
  0.37815775462149176  0.38857963804597057  0.39895355607732857  0.40915279514216474
  0.41941475268153078  0.42995687513700942  0.44074299303903253  0.45165793041330238
  0.46249892193186054  0.47334316256544051  0.48420411356594156  0.49506306678301881
  0.50629317574973576  0.51746169711161183  0.52886771159525114  0.54020250513062462
  0.55184133282007997  0.56338306586393683  0.57400553218411221  0.58409861353209469
  0.59382353770533691  0.60363255483876066  0.61335855137335937  0.62318305246999350
  0.63275492804641709  0.64296124841808677  0.65334707245433377  0.66420543943420507
  0.67512698725927034  0.68593252432074969  0.69666227322815377  0.70717341860860339
  0.71798277900428953  0.72918003563239775  0.74014707919982270  0.75079122796164166
  0.76103605793924489  0.77125868461378722  0.78131792821363755  0.79146082521661010
  0.80154041286548916  0.81199926871318551  0.82248264192149245  0.83250829520816116
  0.84279839503826925  0.85292327046886529  0.86342450512068414  0.87327899418502264
  0.88338061670748835  0.89350646097088160  0.90401751710531997  0.91444533286149232
  0.92565406204881373  0.93673635967098279  0.94751363425787249  0.95801157600189835
  0.96904061963276555  0.97990639519708789  0.99020897304848410  1.00000000000000000
  0.00000175862255985  0.00010665866075162  0.00018814293892708  0.00027115849424478
  0.00035946419278923  0.00044776989133368  0.00051110063765220  0.00056175740181812
  0.00061082065646950  0.00065751502157005  0.00070501419860541  0.00075352985588475
  0.00080263436609299  0.00085221061355904  0.00090202063516762  0.00095192665462574
  0.00100411905756805  0.00105677385401958  0.00112303418374518  0.00118921521274671
  0.00125481068110462  0.00132088894442427  0.00138878834146238  0.00145591038626981
  0.00152167789860609  0.00159030781485143  0.00166244862462991  0.00173512088149589
  0.00180819126397656  0.00188443749900371  0.00196192995628626  0.00203973515553421
  0.00211845204316135  0.00220095570633521  0.00228233370362221  0.00236211898082862
  0.00244298417072374  0.00252464691543569  0.00260910512873803  0.00269435835953484
  0.00279008036307893  0.00288627061172628  0.00298293036802005  0.00308984061965675
  0.00319817215383796  0.00330316536884581  0.00341712879304025  0.00352102778276687
  0.00362019715304810  0.00371844325595001  0.00381947540682476  0.00392287724870559
  0.00403032162130167  0.00416531336179401  0.00429121122729372  0.00440968959256268
  0.00452598555431552  0.00464465955979698  0.00477917450582563  0.00492842153630364
  0.00507784428759214  0.00521232985684118  0.00535191014314952  0.00549850925847724
  0.00564521041587986  0.00579398173273600  0.00595205078766129  0.00611748166761783
  0.00630103676411947  0.00651402765426696  0.00674920368348756  0.00697260520303949
  0.00719526520763143  0.00743208431795963  0.00770329312088243  0.00792978506898518
  0.00818532167566424  0.00851763877324172  0.00975325314573292  0.01014730177834770
  0.01051509210708766  0.01095194090592141  0.01193530288324091  0.01256475165766528
  0.01311525559531756  0.01362005607285324  0.01435926967841016  0.01657979546901149
  0.01751816758117324  0.02276381538934939  0.02619575673678049  0.02997188446468393
  0.03146858693480140  0.03679050181520772  0.16199093140245024  1.00000000000000000
 -0.00242750442736557  0.00832787539606836  0.01785196489552157  0.02760972684112220
  0.03792259514051558  0.04768619967180739  0.05673472933265865  0.06571416142865980
  0.07494982192505176  0.08433213961201799  0.09386623553862662  0.10367908732593879
  0.11367502278287100  0.12347828726794055  0.13292744685135541  0.14244711102004748
  0.15240284801636012  0.16281116701186465  0.17354036304258058  0.18414647311888527
  0.19435877798030926  0.20433019994979523  0.21440989882509329  0.22481273074007810
  0.23529148348884157  0.24556974810956284  0.25555246114384961  0.26587921156921968
  0.27627872544278104  0.28741346722982219  0.29830915213690345  0.30873657165773327
  0.31908053887681953  0.33000072884008497  0.34213580233416613  0.35396383294758443
  0.36530815703894337  0.37633173366794342  0.38726048198152890  0.39857387669534727
  0.40998181752365609  0.42129828440702771  0.43224193652919796  0.44306415496805401
  0.45454105664287547  0.46657443862782777  0.47977350018919784  0.49305995393313029
  0.50601179485496428  0.51842879620408422  0.53048378946275010  0.54229154622801301
  0.55373915014486841  0.56472666557194784  0.57527854537689160  0.58579043785210749
  0.59677222266654029  0.60801703910871541  0.61924730118314542  0.63050002309155739
  0.64202068376686650  0.65361172389019251  0.66489566429531621  0.67587237140899648
  0.68670415046557109  0.69752288557371800  0.70847877225902256  0.71956715605954724
  0.73071327322853519  0.74169219036197975  0.75238949207498762  0.76310003416301908
  0.77404971169659997  0.78511510195232237  0.79586503401114594  0.80598902190594235
  0.81556020528757733  0.82488898159369306  0.83437072124180800  0.84399851178322161
  0.85358450969914734  0.86313571563908253  0.87292824143986136  0.88306358551899133
  0.89322643840644733  0.90335140690164684  0.91352222063963662  0.92348666831042847
  0.93297415011423179  0.94258081985662834  0.95199108125675280  0.96192034226472600
  0.97171042671894070  0.98150544578247445  0.99086691142471250  1.00000000000000000
  0.05738910086486212  0.09923702432617686  0.12998006032750331  0.13530004189495612
  0.14236864936576096  0.15124690637644880  0.16112034696618779  0.17373502206684821
  0.18709524174904690  0.19795583078774714  0.20857908815825352  0.22029026324536805
  0.23193176161188320  0.24313831575349393  0.25444120861882485  0.26634153138734451
  0.27774632075371886  0.28911516727628112  0.29981586389300136  0.31010336275436573
  0.31994910527555570  0.32965644244985026  0.33933723294663953  0.34856192357576243
  0.35771385678650369  0.36665652826950190  0.37540759559883613  0.38473460499844742
  0.39398845803815835  0.40351382083632820  0.41311161194604790  0.42243126248480434
  0.43160399262144367  0.44069966684894274  0.44974331650456867  0.45888290487471955
  0.46778633069797165  0.47660361034149951  0.48546461987615502  0.49458888553367775
  0.50365292850747057  0.51265056769470196  0.52157697358151278  0.53048174171992446
  0.53917408772632336  0.54769524415438031  0.55618748358189762  0.56478685986822719
  0.57345964702211927  0.58222660411506488  0.59113956015643387  0.60014433856666582
  0.60896038519030704  0.61751202961923768  0.62599028002736612  0.63466166716480243
  0.64339440922708502  0.65191790938326610  0.66043433069575730  0.66902922153993905
  0.67772204033025574  0.68625391318549078  0.69462201344929009  0.70288537834295295
  0.71143957193824414  0.72006665438874418  0.72861930740822400  0.73708612960190312
  0.74554599978521963  0.75405481210323688  0.76252948189625036  0.77094913269402754
  0.77928379281468740  0.78761137224580613  0.79600215257322993  0.80437589466860271
  0.81281846627531940  0.82136250457513038  0.82980656591930313  0.83781621465040990
  0.84531988127725588  0.85264209814102143  0.85999181546506487  0.86751642452230870
  0.87545706334566686  0.88387483756685492  0.89259364992597068  0.90145406981900034
  0.91032413940614487  0.91965753397256744  0.92975344400210036  0.94041792525321355
  0.95148889663907421  0.96365222994889521  0.97922412596551911  1.00000000000000000
 -0.01672632891483753  0.09836882010955669  0.13296206461728799  0.15514575888730076
  0.17302653730112089  0.18759523583757562  0.20007591557136573  0.21149645402363373
  0.22269572628322482  0.23365693215282787  0.24401139052652601  0.25350685078489510
  0.26216712019856764  0.27061156008805420  0.27864978442375504  0.28696722298776201
  0.29496748120137334  0.30273290182378998  0.31037040203843397  0.31788409748820823
  0.32540354538493521  0.33297491159347659  0.34052983092740913  0.34791282236874649
  0.35490879401725067  0.36174656298670782  0.36850989741591894  0.37513048635491608
  0.38157691190742815  0.38787269169497723  0.39408182534666114  0.40025112548567010
  0.40637431389589418  0.41247628078787069  0.41871895924818503  0.42476588632869261
  0.43068730274587563  0.43668249872964082  0.44252612033866745  0.44877800554621244
  0.45504936998903578  0.46125673876456597  0.46734156395874021  0.47323721184375844
  0.47897369448746518  0.48457242285817070  0.49011267176749040  0.49584051424799130
  0.50168125633449578  0.50776072150944551  0.51382333204312602  0.51991497853272584
  0.52587641550648256  0.53186280626118121  0.53780703872748026  0.54392183961672835
  0.55005255372426110  0.55613946529342106  0.56223239625833377  0.56833749124912247
  0.57447767173485675  0.58063385856080563  0.58670072085553493  0.59287523363619810
  0.59909340954162393  0.60525142618860706  0.61156747318243421  0.61788136266095450
  0.62429640092060446  0.63076965639827953  0.63730251088612699  0.64411438675016919
  0.65106073506983697  0.65762118509082823  0.66401172400528263  0.67040584981824902
  0.67706309914339236  0.68437618749065021  0.69184183038284774  0.69947300812127244
  0.70744923718468522  0.71584008081353734  0.72470862493710730  0.73406619700716036
  0.74413445692545377  0.75423381968939840  0.76434548382628276  0.77491961886231253
  0.78654091794627379  0.79904270887850470  0.81222448302339922  0.82706034309915366
  0.84468975345521069  0.86663579818875536  0.90158636423734062  1.00000000000000000
   1.8479201129169259E-003  -1.0000000000000000     
 F F F F F F F F F F F F F F F F F F F F F F F F F F F F F F F F F F F F F F F F F F F F F F F F F F F F F F F F F F F F F F F F F F F F F F F F F F F F F F F F F F F F F F F F F F F F F F F F
  <DiscreteSampler_grid>
  grouped_processes
  1 # 1 for a reference and 2 for a running grid.
  10 # Attribute 'min_bin_probing_points' of the grid.
  1 # Attribute 'grid_mode' of the grid. 1=='default',2=='initialization'
  0.0000000000000000 # Attribute 'small_contrib_threshold' of the grid.
  0.5000000000000000 # Attribute 'damping_power' of the grid.
 # binID   n_entries weight   weight_sqr   abs_weight
    10   10   1.898283372584618E+005   7.243677838391580E+010   1.898283372584618E+005
    16   10   1.898283372584618E+005   7.243677838391582E+010   1.898283372584618E+005
  </DiscreteSampler_grid>
