  0.00000313329271831  0.00000318941696626  0.00000326402556740  0.00000335653778015
  0.00000344992610082  0.00000354333378436  0.00000363992419310  0.00000375685508234
  0.00000389089618341  0.00000403308049534  0.00000418058651422  0.00000433564145126
  0.00000450283239319  0.00000467515754830  0.00000486599573480  0.00000507942370572
  0.00000531354392953  0.00000554816354317  0.00000577564333291  0.00000603079130378
  0.00000631251837399  0.00000659823422289  0.00000692840672119  0.00000728020829638
  0.00000765082504842  0.00000804558072137  0.00000846221338379  0.00000889254949961
  0.00000934106072386  0.00000983138819365  0.00001033039974151  0.00001087873429306
  0.00001147336796985  0.00001209711267343  0.00001275335239929  0.00001346851758417
  0.00001419009013633  0.00001497764586378  0.00001580675861270  0.00001668134082580
  0.00001762203063007  0.00001861052679746  0.00001963885075510  0.00002073536535365
  0.00002189771196638  0.00002311254661758  0.00002443336201109  0.00002575818354438
  0.00002722487325641  0.00002880614756941  0.00003046101949244  0.00003221729553452
  0.00003408592589620  0.00003605078757116  0.00003821268676156  0.00004051483322316
  0.00004294879529309  0.00004554351103272  0.00004830587379581  0.00005127235544552
  0.00005450519601752  0.00005804852112479  0.00006188127297010  0.00006580909262728
  0.00007031006190808  0.00007517788442717  0.00008086213161884  0.00008619039988134
  0.00009224421023299  0.00009859141110827  0.00010609017841112  0.00011460255905962
  0.00012373784391413  0.00013399026533574  0.00014503074990327  0.00015792403411008
  0.00017321190854770  0.00019028688092047  0.00020896745040332  0.00023046946545321
  0.00025235113198378  0.00027482962340471  0.00029892501883056  0.00032688911130183
  0.00035956840472704  0.00039541304258387  0.00043698099163654  0.00048963306527006
  0.00055600415721386  0.00064656723586096  0.00078046560056705  0.00097097062803623
  0.00129797065117564  0.00220073482367834  0.05230110060791596  1.00000000000000000
  0.00000250173860094  0.00000276279354848  0.00000294445727253  0.00000313367908252
  0.00000332596130593  0.00000353355425379  0.00000372862696910  0.00000394399117679
  0.00000415258104906  0.00000437136962507  0.00000460661081461  0.00000485432959644
  0.00000512163723709  0.00000543286702318  0.00000573731125568  0.00000605932464865
  0.00000638957521535  0.00000672507016435  0.00000708938088539  0.00000746674619022
  0.00000787073352236  0.00000829522528480  0.00000872861880668  0.00000917262813350
  0.00000964670250360  0.00001013623689735  0.00001064936392367  0.00001119115538674
  0.00001175073849049  0.00001233716568263  0.00001296371414890  0.00001362643233960
  0.00001430579986237  0.00001502979408003  0.00001578331399756  0.00001653680056560
  0.00001735040469133  0.00001822395061875  0.00001912377810771  0.00002009709932029
  0.00002111473905309  0.00002212805825542  0.00002325020855117  0.00002443298847240
  0.00002566609236990  0.00002698493836528  0.00002838991918625  0.00002986309800346
  0.00003140998317709  0.00003313048933027  0.00003486504688663  0.00003669472888184
  0.00003859829956530  0.00004057929765284  0.00004268797340626  0.00004497670475862
  0.00004730375073010  0.00004988047666714  0.00005267183983811  0.00005571661074285
  0.00005911712885009  0.00006269334201578  0.00006639118608444  0.00007048097455474
  0.00007486385428949  0.00007966970436200  0.00008457396342918  0.00008975907636617
  0.00009547899768263  0.00010191387259330  0.00010884311252423  0.00011587660991272
  0.00012279798447987  0.00013017074937816  0.00013832263194723  0.00014824245916338
  0.00015836625692183  0.00016883299401717  0.00017956140201591  0.00019102132302846
  0.00020582826608586  0.00022186350177981  0.00024232463059221  0.00026804335418733
  0.00030245115025758  0.00034464049671159  0.00039367145699940  0.00045043526130933
  0.00051723163301604  0.00060443898868497  0.00072404861623034  0.00088902506094080
  0.00112791809352319  0.00146573255957316  0.01380865197165876  1.00000000000000000
 -0.00204175006190355  0.00948795549661286  0.01941225772902527  0.02944510521992887
  0.03948784288450489  0.04967148379231241  0.06049996165406838  0.07110687642687266
  0.08173129218246973  0.09174033413792886  0.10190964924834212  0.11205332165737168
  0.12240290911820176  0.13303346159217450  0.14364231273288791  0.15433199428101332
  0.16471258260171945  0.17510809586180934  0.18565683317877058  0.19643342739701097
  0.20758391567639700  0.21879177646779716  0.22947273938868870  0.23976508838926067
  0.24989646384096226  0.26020981212575822  0.27045226402990746  0.28062465094199762
  0.29094351607412366  0.30153022232123305  0.31252019982334683  0.32362803974837884
  0.33466461198317210  0.34582996461626542  0.35668059551618320  0.36744522526919521
  0.37823259566175949  0.38934719645357385  0.40039779445047097  0.41095014831548021
  0.42165586507386049  0.43277549855798658  0.44356740871984385  0.45383254270128592
  0.46473422623097005  0.47597367342475411  0.48709671449599934  0.49760897485199268
  0.50834346606749559  0.51924964112923333  0.52994299870786121  0.54046875505928893
  0.55086820456442864  0.56136702862957411  0.57216849620834143  0.58288527958065905
  0.59338461508049745  0.60354490342416878  0.61355292910333248  0.62358704968206491
  0.63385994871163198  0.64469392684395066  0.65594307444068500  0.66719217326182023
  0.67806753378342621  0.68866368951944001  0.69892331160127752  0.70917415598853117
  0.71957225331306551  0.73012583446385204  0.74057660093409994  0.75134753289892142
  0.76193977706861238  0.77210033443917059  0.78183020554218496  0.79150093161896906
  0.80149460356596869  0.81153695690864613  0.82175765669083356  0.83192538072592581
  0.84291042613223532  0.85424798834832683  0.86515201424901655  0.87533377324084116
  0.88557662134502158  0.89555992271282947  0.90527063682010700  0.91498163322740256
  0.92533973075179476  0.93582753359420023  0.94626199928993382  0.95667042307997552
  0.96730085927338172  0.97809933531438775  0.98892114355440164  1.00000000000000000
  0.00000799809132321  0.00006168739807720  0.00011537670483119  0.00017982738918043
  0.00026086781040950  0.00034190823163857  0.00041709386188283  0.00049150546978535
  0.00054436921061395  0.00058526102834269  0.00062891272183388  0.00067407052556804
  0.00071927035723948  0.00076448980737176  0.00081003590045817  0.00085555463252231
  0.00090098781797110  0.00094771944604020  0.00099606430761191  0.00105057820188788
  0.00110911824303515  0.00116641786209550  0.00122322683587648  0.00128166961962117
  0.00134059907521122  0.00140198605148437  0.00146427518647460  0.00153195548526974
  0.00159977801174578  0.00166783447125796  0.00173652690313966  0.00180557696384877
  0.00187758256592690  0.00195153170689849  0.00202967746934164  0.00210971760206379
  0.00219061096725973  0.00227197675513832  0.00235662477189860  0.00244272448854294
  0.00252306216804777  0.00260391534923126  0.00268527367396890  0.00276605899597695
  0.00285117226938695  0.00294983401114445  0.00305737927683527  0.00316784728165076
  0.00327736408915282  0.00338363767977910  0.00348691759074286  0.00358805135137795
  0.00368821594309113  0.00378764879554129  0.00389426523650881  0.00401798767943497
  0.00416138421872095  0.00430829708373717  0.00444401286992031  0.00457463956256682
  0.00470896130898670  0.00484248165666677  0.00496646376671687  0.00509399298642151
  0.00522918156550845  0.00538402123739862  0.00556976832260398  0.00574486783833407
  0.00590526477074290  0.00606424409618722  0.00621139186866993  0.00637075410163947
  0.00656192515487963  0.00681448785405370  0.00716911521461229  0.00751988748653515
  0.00778951575451936  0.00804338824772635  0.00833602483258331  0.00877724661260250
  0.00933043717616889  0.00959655757992845  0.00984408122022819  0.01006899913836819
  0.01038646902956139  0.01070841018997866  0.01106902637594643  0.01165185477284672
  0.01294364073656951  0.01602672751567179  0.01709255555522111  0.01772634256290801
  0.01860706514797291  0.02411905678795516  0.25085566377459662  1.00000000000000000
 -0.00201965930369740  0.00786129837032404  0.01642497503345408  0.02572709481275650
  0.03514311184331477  0.04442853349882284  0.05365990384241680  0.06320648976116208
  0.07315094630520418  0.08324779820780774  0.09305062038254200  0.10275758751855939
  0.11244536105441802  0.12212614420618825  0.13170201551540267  0.14149222909921738
  0.15158904643762949  0.16194545656763112  0.17246343416104845  0.18279166914318465
  0.19328267855535741  0.20386146598936383  0.21452459461178788  0.22533505933804454
  0.23661397001064730  0.24793949566416235  0.25870809380018328  0.26904147368907605
  0.27949118851709098  0.28995017084367969  0.30056773993116409  0.31149049404175500
  0.32265090401154067  0.33376140139490318  0.34503533337740067  0.35650470930151928
  0.36822047560268861  0.38001064666558371  0.39222651914640677  0.40465022230566078
  0.41671650559893203  0.42818719252377174  0.43906110273737886  0.44984357245730794
  0.46076655344260908  0.47199190927076090  0.48346848010536170  0.49491056232086411
  0.50640025823793355  0.51789797112641456  0.52937881797615383  0.54114166811988718
  0.55250336161205438  0.56375719756472364  0.57488403429983848  0.58609606957994975
  0.59768527447080144  0.60922596369805715  0.62150978369209575  0.63391538656422164
  0.64601481411734718  0.65751428178394389  0.66863374952449062  0.67955913081722463
  0.69071604849007628  0.70221506143625723  0.71318062880539057  0.72403292725135682
  0.73496770402100120  0.74620925917628356  0.75714012510665551  0.76770781015984513
  0.77825787667129676  0.78800032693404487  0.79774259373062750  0.80734900204026872
  0.81719707328263347  0.82709130079683735  0.83698885553726687  0.84708987060315322
  0.85666078244105992  0.86586410600548536  0.87492828526832944  0.88408413329933400
  0.89357059965674290  0.90290924784230575  0.91235731454746583  0.92187533408842814
  0.93152124374173451  0.94115495005864547  0.95111009001492652  0.96112282913654068
  0.97113178309825710  0.98072548247382185  0.99056554911851546  1.00000000000000000
  0.05774678737578991  0.09585925489368008  0.11075726118200875  0.12414980258925919
  0.13901296869264254  0.15599877807170651  0.16952145580874123  0.18134516183143856
  0.19257948085777934  0.20320002491466557  0.21365204081145847  0.22292581493554736
  0.23236242874389018  0.24211030613018666  0.25180113204697552  0.26155994866612464
  0.27132271171509181  0.28085638206884089  0.29041906787184257  0.29992210768471983
  0.30951367798455898  0.31899027223620802  0.32827819529161456  0.33789956522878611
  0.34784224880810349  0.35752380054650917  0.36706398753449260  0.37638743800763702
  0.38576050905291892  0.39521236355441997  0.40475404011151372  0.41444356061643622
  0.42414164198982512  0.43378390139635309  0.44358153051048543  0.45322630194995067
  0.46228166596095721  0.47099499813692569  0.47985152873614428  0.48887692254130805
  0.49796259154414307  0.50693384964200949  0.51574326787692604  0.52472659530655852
  0.53378848571315962  0.54306425040950390  0.55235152043074864  0.56170878683364567
  0.57102451578664659  0.58010052168044457  0.58900867998795947  0.59788018051836567
  0.60669002545536954  0.61534203099872353  0.62380701718374976  0.63216383257927755
  0.64057772385813516  0.64907897229390166  0.65771161969236558  0.66642227272889776
  0.67503805097681524  0.68348017954984064  0.69177576165355381  0.70018411391817115
  0.70874522110219873  0.71740250991277932  0.72606937691672602  0.73468182050558817
  0.74338425722315438  0.75204834380407393  0.76051448510651976  0.76893612331254713
  0.77746110007803060  0.78596403651264557  0.79439385308964172  0.80284688748985655
  0.81143040196104510  0.82001636312399018  0.82835504661047554  0.83624097620573823
  0.84369505310483384  0.85077513400474314  0.85786333359279798  0.86497912497072937
  0.87219306222790083  0.87979657686888302  0.88779378057373481  0.89627720154259183
  0.90530515051768123  0.91482758573336420  0.92484764690786581  0.93583862243207128
  0.94801627053622128  0.96161634093812853  0.97812879097250072  1.00000000000000000
 -0.01786945574070873  0.10109040312395266  0.13628572896369673  0.15779669968442997
  0.17549181118045745  0.19081235763167015  0.20406330460620697  0.21620242439380755
  0.22757563020081445  0.23832298471602315  0.24856458397609685  0.25849349429137491
  0.26782892482563603  0.27659784643819985  0.28496616093754418  0.29310992880222475
  0.30103486609689029  0.30875301259184279  0.31634451154475829  0.32384001215815672
  0.33128494418205440  0.33863170252082819  0.34577921103709525  0.35268476186927789
  0.35930830502792288  0.36581150329368134  0.37226451379149322  0.37877243052384135
  0.38489593315841530  0.39098125068840162  0.39679331220060543  0.40263492426598085
  0.40860833753565978  0.41457036754494581  0.42068480458395269  0.42675712319663434
  0.43266041075314943  0.43853038451421866  0.44444337156096209  0.45044072284215975
  0.45655354666792208  0.46267773273286600  0.46870285509868065  0.47465998317005276
  0.48061772757160703  0.48665647026593956  0.49274641375365885  0.49860157325819571
  0.50426221051795772  0.50991251929829973  0.51561364908472829  0.52144999724886276
  0.52733552858459332  0.53323721526133649  0.53911414197284868  0.54487593520886890
  0.55071681022576779  0.55653038749588790  0.56237214143217795  0.56830202497377136
  0.57437050659471067  0.58060864229414222  0.58653522131185487  0.59249439441469809
  0.59831837763361873  0.60434146676543032  0.61053046760256646  0.61681902345580375
  0.62321520034110645  0.62960157363816438  0.63597599057374221  0.64236853641042879
  0.64879511201684981  0.65558288206308879  0.66258979989549693  0.66991749354921704
  0.67740219590584483  0.68488745536398365  0.69261033209650924  0.70064751074528131
  0.70883961831267206  0.71722723758277507  0.72580709817904565  0.73475456795273808
  0.74404424795137902  0.75421580829095691  0.76482218102535859  0.77593341142532157
  0.78816378156499034  0.80105686077896943  0.81502535230935480  0.82999286737502231
  0.84713089668150110  0.86804804222793330  0.90137414166724028  1.00000000000000000
   1.8575730264599915E-003  -1.0000000000000000     
 F F F F F F F F F F F F F F F F F F F F F F F F F F F F F F F F F F F F F F F F F F F F F F F F F F F F F F F F F F F F F F F F F F F F F F F F F F F F F F F F F F F F F F F F F F F F F F F F
  <DiscreteSampler_grid>
  grouped_processes
  1 # 1 for a reference and 2 for a running grid.
  10 # Attribute 'min_bin_probing_points' of the grid.
  1 # Attribute 'grid_mode' of the grid. 1=='default',2=='initialization'
  0.0000000000000000 # Attribute 'small_contrib_threshold' of the grid.
  0.5000000000000000 # Attribute 'damping_power' of the grid.
 # binID   n_entries weight   weight_sqr   abs_weight
    10   10   6.737488100959736E+004   1.415291578800884E+010   6.737488100959736E+004
    16   10   6.737488100959736E+004   1.415291578800884E+010   6.737488100959736E+004
  </DiscreteSampler_grid>
