  0.00003994879443464  0.00004416656568165  0.00004767048221991  0.00005088645017500
  0.00005405524439573  0.00005755797942275  0.00006122032754333  0.00006516611105311
  0.00006909995972216  0.00007291612051106  0.00007675171179242  0.00008063863285298
  0.00008455659904939  0.00008859011545970  0.00009256360682240  0.00009637033445031
  0.00010007529304986  0.00010386605583448  0.00010769744585024  0.00011152199708889
  0.00011545509893533  0.00011943203384822  0.00012355212347584  0.00012790332170379
  0.00013246094439744  0.00013711438835543  0.00014184522172507  0.00014691867403448
  0.00015182660624635  0.00015692464282306  0.00016212370951894  0.00016762874948116
  0.00017340994927893  0.00017944332496316  0.00018568350107598  0.00019202756244774
  0.00019851036590020  0.00020530118695182  0.00021222146675185  0.00021943292396687
  0.00022661336223578  0.00023434127596379  0.00024191203314639  0.00024948712440406
  0.00025763824139156  0.00026663384762831  0.00027653770503105  0.00028712785413939
  0.00029833178342932  0.00030997222225069  0.00032171486912227  0.00033344953536701
  0.00034459823694516  0.00035558324332145  0.00036780971747581  0.00038135131733213
  0.00039558530255699  0.00041048712636209  0.00042726945863464  0.00044439795908863
  0.00046429357241533  0.00048689768802835  0.00050835365353348  0.00052942203567065
  0.00054962696682051  0.00057003774560887  0.00059388152938186  0.00062034178384925
  0.00064803956211485  0.00067670425710116  0.00070562549245372  0.00073496947147220
  0.00076697350022499  0.00080309906021507  0.00084791636525757  0.00090269133001281
  0.00095879951752919  0.00100777683428034  0.00105786737056179  0.00111873746695377
  0.00118346342140490  0.00124782146917269  0.00131438231024359  0.00140667466466425
  0.00156713201211052  0.00173355526167514  0.00191397745155977  0.00214044762011937
  0.00239994419085621  0.00264653751592720  0.00293626433675217  0.00379411759488865
  0.00565423483431388  0.00932524695775356  0.07675705731973362  1.00000000000000000
  0.00000239605573989  0.00000285472859675  0.00000327400150465  0.00000363023448776
  0.00000400500825747  0.00000440915576497  0.00000485258690492  0.00000532040679882
  0.00000580603709901  0.00000633981995247  0.00000694779948479  0.00000763327619405
  0.00000839119518644  0.00000922778556835  0.00001011367553164  0.00001104569019568
  0.00001204452410700  0.00001312023045146  0.00001427988924993  0.00001552763536277
  0.00001684721880883  0.00001824469069082  0.00001973983935706  0.00002136112422637
  0.00002313824496383  0.00002503832504408  0.00002706934304011  0.00002937085429547
  0.00003194614499276  0.00003488133185157  0.00003794861615644  0.00004136837775716
  0.00004490826428761  0.00004854211342871  0.00005222592905143  0.00005589175982900
  0.00006003905385700  0.00006439720278723  0.00006911800589506  0.00007424618680865
  0.00007961632906563  0.00008551611846936  0.00009196961884911  0.00009873356813135
  0.00010525710624116  0.00011137072373447  0.00011760700731061  0.00012434440712940
  0.00013188701463051  0.00013939547648627  0.00014853233879938  0.00015799808958638
  0.00016847514876670  0.00017984501497092  0.00019198659656581  0.00020562173815476
  0.00022116420950217  0.00023715065917100  0.00025139304109573  0.00026459232327395
  0.00027745411377448  0.00029155096345834  0.00030801011451979  0.00032444631461514
  0.00034042103503902  0.00035844105048481  0.00037799227737224  0.00039925963171530
  0.00042352747965475  0.00044994040446450  0.00047682330974231  0.00050536696147765
  0.00053382510062657  0.00056589043543365  0.00060144654112726  0.00063996509499828
  0.00067699263642071  0.00071250065477951  0.00075498583187409  0.00080811857845421
  0.00088344869980238  0.00096091262510806  0.00107648701042358  0.00121048110628767
  0.00135515172474471  0.00151655402733007  0.00176266000419219  0.00203502936065560
  0.00231203194936198  0.00262333819354562  0.00299155476193803  0.00373445142467653
  0.00499861189495412  0.00824379630258617  0.07181372980208092  1.00000000000000000
 -0.00575460864779334  0.03469090152434653  0.06292176093985688  0.08885164787071166
  0.11483907564820173  0.13859167096211189  0.16004921579469450  0.18086805216114218
  0.20233664249140099  0.22295872328703054  0.24209083170944121  0.25874803775963845
  0.27466174431250723  0.29106098856010965  0.30669506936506041  0.32309659961918469
  0.34040850691758956  0.35743321127621913  0.37305190345875666  0.38764532937508750
  0.40213134425368519  0.41680006682641813  0.43048193646313643  0.44316628566315713
  0.45612774805362599  0.46900762827327258  0.48082021640991007  0.49153802062815083
  0.50281775737730317  0.51444042334407070  0.52559697632208724  0.53578275519166974
  0.54633601441377755  0.55695538429283076  0.56700622297591541  0.57608156243355202
  0.58474317949026589  0.59345998867730865  0.60230380190054755  0.61095473451491311
  0.61929053423671332  0.62738508232101287  0.63533544138682152  0.64324993144479015
  0.65178711012707757  0.66027356390855840  0.66861050243070086  0.67643776414401757
  0.68436651972592222  0.69254656421116589  0.70075909360012445  0.70884081686934597
  0.71675069724533536  0.72457806211065157  0.73234272823412183  0.74000069030037274
  0.74751285961110192  0.75475642466709936  0.76212691847978931  0.76955380206662782
  0.77729773729702867  0.78463325260683214  0.79183134136121391  0.79913229280756815
  0.80652315736492974  0.81390194492952173  0.82111479126516174  0.82800859159466200
  0.83455685153273129  0.84108719011193134  0.84743617513978475  0.85393264338056496
  0.86009193965184805  0.86639465083628953  0.87284019295105331  0.87932875762553453
  0.88562991023118098  0.89172820259933949  0.89780628841083820  0.90397155150949071
  0.91027042592097407  0.91640826325872260  0.92243603098418336  0.92837577436071472
  0.93431943571413101  0.94012900998333626  0.94555939625257679  0.95074260471682059
  0.95586244408397303  0.96106889754915537  0.96659742752185407  0.97236906565918224
  0.97847685934900042  0.98494182087477800  0.99211083542391909  1.00000000000000000
 -0.00233582423053917  0.00916147726076617  0.01883758425454461  0.02990189695783482
  0.04035763825451929  0.05144501910509376  0.06245778877491502  0.07444388354702618
  0.08620162539533816  0.09819712879106768  0.11036223785868905  0.12175186206502978
  0.13268070701383755  0.14325883509965009  0.15416464068541458  0.16533736852232736
  0.17660802491468264  0.18728161345458388  0.19721182673193688  0.20709010429812380
  0.21695818672488634  0.22653410517166445  0.23569377645922315  0.24495857089503695
  0.25486086554141990  0.26578755663823705  0.27683998135512461  0.28756007778381565
  0.29789194378973105  0.30821612404133258  0.31896584522734667  0.33047231077323025
  0.34160829444307156  0.35259030656879981  0.36327086633361633  0.37463501068404731
  0.38549909897321022  0.39685583553425002  0.40797010181893584  0.41904785532015926
  0.42998154438339853  0.44076107677620296  0.45148285932251447  0.46261885416923570
  0.47362778738764177  0.48416892573478926  0.49497297469323071  0.50624800238950907
  0.51823319606568174  0.52952768930179817  0.54036795893305600  0.55090921865436782
  0.56126827958259828  0.57163566265184906  0.58145613906423266  0.59126314621928089
  0.60118605573581352  0.61150698452405039  0.62149441028199159  0.63136848718226990
  0.64157201987074197  0.65276041675360197  0.66441410160883407  0.67548219143503929
  0.68623104827891113  0.69556603713588938  0.70581509096599249  0.71602817843069122
  0.72605813518986628  0.73563725822326065  0.74506451640698024  0.75466417427387678
  0.76400202868301037  0.77381701400847303  0.78416453049160317  0.79531067524370647
  0.80627365488351921  0.81702264317017215  0.82751865778021816  0.83776428327934704
  0.84784410741567873  0.85755930142660464  0.86722510579522138  0.87702970264170799
  0.88693534752603886  0.89702921519846179  0.90685652167228492  0.91689330767373523
  0.92673283243710280  0.93652499638464737  0.94667556253046004  0.95699597585665985
  0.96715175622346228  0.97758610250734701  0.98852406753645639  1.00000000000000000
 -0.00296833567126108  0.00979262370347973  0.02104680054649442  0.03257614403561032
  0.04434641271124255  0.05582348507342377  0.06676184354975062  0.07728018102735119
  0.08752035948341517  0.09768985146307980  0.10797940117477603  0.11843885566897137
  0.12892744272943468  0.13944492835721592  0.14942109769873893  0.15906673377981026
  0.16881344605961246  0.17856130645249046  0.18908159826048829  0.20024384703803469
  0.21136192105224255  0.22209086256335858  0.23299228479179712  0.24462483712442840
  0.25615344268012313  0.26764912433528754  0.27861101681964651  0.28942718393671352
  0.29977888084324883  0.30965333134543171  0.31909270964790737  0.32837656559075867
  0.33789479927043675  0.34795644224402056  0.35837373075497103  0.36869798105514379
  0.37935188952767129  0.38950201710302085  0.39923252984718216  0.40860832647923256
  0.41825634032092213  0.42842526274988291  0.43843246610595060  0.44903653132847976
  0.46042836368162826  0.47205250560790946  0.48333418518454352  0.49533352844417688
  0.50784057018337780  0.52031398386377736  0.53189918287344751  0.54318017315488210
  0.55478038570891053  0.56602468851953902  0.57612483592860042  0.58592322825183452
  0.59586863076175578  0.60577332642132409  0.61581414831709191  0.62590600058533208
  0.63726374965729660  0.64868373790636535  0.66044884258545811  0.67144143578209792
  0.68210110092292131  0.69250797656233665  0.70291375320253258  0.71288591975597737
  0.72271496715746186  0.73229387017672221  0.74183934986885636  0.75086199599351300
  0.76030912637668768  0.76970522437967825  0.77918549314722241  0.78897934984436957
  0.79856953313549051  0.80876109126576978  0.81807533113831610  0.82765258729862645
  0.83729250850604953  0.84770036096007739  0.85865255519863004  0.86965823529589370
  0.88028607326924435  0.89070514259986233  0.90153277857222203  0.91318219356843899
  0.92532051256669146  0.93752899211888252  0.94871314660014461  0.95942134950333968
  0.97025000907403591  0.98019521288969913  0.99062008489251818  1.00000000000000000
  0.07318498043122938  0.16325140839991545  0.18873855245720744  0.21878666279798051
  0.24729608760850227  0.27439785874388006  0.29696447408710153  0.31857859239053649
  0.33832095701777659  0.35724571848182901  0.37414485616710375  0.39115676793289705
  0.40733147553310511  0.42342167472401160  0.43932121574448013  0.45490232606434616
  0.46937916048576184  0.48348768657545704  0.49687516351399569  0.50950494385092981
  0.52195021005980424  0.53468850895363318  0.54681106810783175  0.55788305161732732
  0.56831060516749254  0.57872394006119099  0.58904563176190128  0.59897326895884540
  0.60826438352429413  0.61718968659358631  0.62617535013650538  0.63503563378018313
  0.64403578250626958  0.65239912991695947  0.66050595139020141  0.66817512017766456
  0.67558593178295590  0.68250765695717197  0.68938141958340338  0.69602163586697097
  0.70257499721530936  0.70945476418937892  0.71655840240223601  0.72396639255763551
  0.73069591526425237  0.73732941783059158  0.74375185027225033  0.75088801230457713
  0.75772761070784456  0.76445710840338688  0.77033879834602847  0.77566903878115101
  0.78089818562721269  0.78629348882815675  0.79179412644819613  0.79716708293521066
  0.80234530601597787  0.80724342566927210  0.81175631705896312  0.81601842796618718
  0.82021516542217598  0.82465580040420083  0.82945491870915378  0.83437019601337925
  0.83921656225271124  0.84395902665930145  0.84881802260787542  0.85382339346622538
  0.85900180091430722  0.86419029419198679  0.86927734256712896  0.87431175952458184
  0.87941926615536259  0.88447116513544877  0.88936654206726229  0.89414951049064650
  0.89876066165194168  0.90331157957800012  0.90780237423436683  0.91232315551445087
  0.91684080986906147  0.92117078191874524  0.92565641822883049  0.93045071532465762
  0.93542928159106953  0.94045017779480322  0.94538303958379999  0.95021173465708886
  0.95506552105259701  0.96002195204937335  0.96556024201514146  0.97100527647501078
  0.97678669819648334  0.98326436113155868  0.99091373084134093  1.00000000000000000
 -0.01751988060705434  0.10176735939743559  0.13750791177058902  0.16030819580902694
  0.17881075520217474  0.19376394455112930  0.20701381680837755  0.21895361141744654
  0.23011782092500824  0.24076504250385261  0.25098372596859941  0.26105769939615447
  0.27090225754127539  0.28018928235622764  0.28881055710136283  0.29682618022908935
  0.30461454925105003  0.31223314150430909  0.31947652096275830  0.32684344589001413
  0.33429633861885499  0.34176481666426217  0.34915817598432447  0.35636324388541124
  0.36366901207462965  0.37073652660600759  0.37729047308091151  0.38358456702840538
  0.38971933519523960  0.39561768574611794  0.40184138569670902  0.40818087106580020
  0.41445433040518126  0.42058726835695326  0.42640003063402676  0.43223961806833455
  0.43817363799943909  0.44372927030268572  0.44899973076537103  0.45403724623553737
  0.45922984288642160  0.46441529131729781  0.46960828342087291  0.47499889084902708
  0.48043027156738971  0.48582590133816012  0.49125039567469303  0.49667251140151830
  0.50236712209463286  0.50848043870042403  0.51437314628929831  0.52017767142101046
  0.52541318731506115  0.53032099071873673  0.53526154809206405  0.54052531620318844
  0.54638744982528520  0.55254915969404150  0.55875822650332185  0.56480366974222163
  0.57069236456817829  0.57657294169092799  0.58257403076472003  0.58849928861457157
  0.59428413103315891  0.59999702879180949  0.60576144852718283  0.61164156712157691
  0.61756541322937797  0.62369372266568290  0.63017669519410036  0.63695301727150355
  0.64389188010275678  0.65083134251454766  0.65843398937266229  0.66625044761596020
  0.67382560060469276  0.68103245842695259  0.68798270051523214  0.69541644303683625
  0.70323729187357997  0.71150423699102072  0.71962340369191635  0.72794516012906696
  0.73671549265984848  0.74612153630315281  0.75614401992486791  0.76698481090193049
  0.77865604582824433  0.79185897675130690  0.80598017275791689  0.82213128388992118
  0.84127913526548870  0.86438985237265320  0.89959960446862330  1.00000000000000000
   1.9149374862119809E-004  -1.0000000000000000     
 F F F F F F F F F F F F F F F F F F F F F F F F F F F F F F F F F F F F F F F F F F F F F F F F F F F F F F F F F F F F F F F F F F F F F F F F F F F F F F F F F F F F F F F F F F F F F F F F
  <DiscreteSampler_grid>
  grouped_processes
  1 # 1 for a reference and 2 for a running grid.
  10 # Attribute 'min_bin_probing_points' of the grid.
  1 # Attribute 'grid_mode' of the grid. 1=='default',2=='initialization'
  0.0000000000000000 # Attribute 'small_contrib_threshold' of the grid.
  0.5000000000000000 # Attribute 'damping_power' of the grid.
 # binID   n_entries weight   weight_sqr   abs_weight
    10   10   1.291257994736193E+003   4.761128898821387E+006   1.291257994736193E+003
    16   10   1.291257994736196E+003   4.761128898821414E+006   1.291257994736196E+003
  </DiscreteSampler_grid>
