  0.00000274990938577  0.00000287522653138  0.00000298986435341  0.00000309248674711
  0.00000318934568715  0.00000328593102952  0.00000338492664634  0.00000348708811793
  0.00000359592649412  0.00000370620658952  0.00000384121925284  0.00000399109296464
  0.00000415732012093  0.00000432043814414  0.00000452122466498  0.00000471091911263
  0.00000489741852791  0.00000510248833483  0.00000531856292140  0.00000554895868855
  0.00000580366799847  0.00000607910003012  0.00000636219560356  0.00000666166108823
  0.00000698720642541  0.00000733916894820  0.00000771120501845  0.00000810571638068
  0.00000854020139713  0.00000898429349265  0.00000945365783103  0.00000998052167742
  0.00001050630414014  0.00001109377443459  0.00001170099333273  0.00001234766764665
  0.00001304977238971  0.00001378970079147  0.00001455563572747  0.00001537856651523
  0.00001622951974063  0.00001712392277137  0.00001808953368010  0.00001908282096217
  0.00002014280687320  0.00002126856802474  0.00002244858437411  0.00002369789991798
  0.00002508020037273  0.00002649201429729  0.00002811083607505  0.00002971139471778
  0.00003144866740884  0.00003331525631152  0.00003534026839327  0.00003754670165323
  0.00003989562818250  0.00004238529355550  0.00004500626966158  0.00004775881405291
  0.00005068597560208  0.00005381556023073  0.00005719478236083  0.00006086503435821
  0.00006479125027825  0.00006897534441762  0.00007346728321524  0.00007838438122137
  0.00008396067534039  0.00008994484494877  0.00009631010093668  0.00010331458259461
  0.00011089433913967  0.00011937919920258  0.00012898069727059  0.00013999446047190
  0.00015296087166071  0.00016704219046829  0.00018247908232773  0.00020069798927388
  0.00022205420417330  0.00024643985408509  0.00027509316796844  0.00030585142423141
  0.00034336478249147  0.00039764721494271  0.00047033275925198  0.00054926332756646
  0.00062968983482559  0.00074205091621547  0.00094721173329190  0.00116939718210737
  0.00152536319146856  0.00218905621337707  0.01347806891319591  1.00000000000000000
  0.00000244089338224  0.00000277450871227  0.00000300520439866  0.00000322570719368
  0.00000344907688231  0.00000366270882531  0.00000388752052389  0.00000411459444868
  0.00000435296946750  0.00000460939092727  0.00000487606674008  0.00000515230970501
  0.00000545557824336  0.00000574770319211  0.00000608515164634  0.00000643445687842
  0.00000679757771903  0.00000718096959922  0.00000757609033614  0.00000798814679029
  0.00000842701847948  0.00000886647161922  0.00000933806934226  0.00000982915795265
  0.00001032772170910  0.00001084612069034  0.00001138959971895  0.00001196224670934
  0.00001258421067639  0.00001325309274337  0.00001395154601590  0.00001469095918187
  0.00001546818935514  0.00001625957508718  0.00001706939679498  0.00001793670419825
  0.00001883297782333  0.00001973155455437  0.00002073663236538  0.00002173303165968
  0.00002282578519061  0.00002398715442940  0.00002517733412013  0.00002640499364487
  0.00002770467219103  0.00002904477807214  0.00003043709428935  0.00003192313282079
  0.00003349015969102  0.00003515727568343  0.00003696144004882  0.00003889080582208
  0.00004084753802736  0.00004299474188226  0.00004526688036323  0.00004757633643177
  0.00005010006332962  0.00005279192145645  0.00005559274591882  0.00005863560455006
  0.00006186041383453  0.00006541761706773  0.00006949286757354  0.00007362297012876
  0.00007815894668356  0.00008296374275816  0.00008811627324028  0.00009373205389155
  0.00009967827645253  0.00010611494090077  0.00011303743655151  0.00012043287830159
  0.00012896977091670  0.00013800651634906  0.00014841482404985  0.00015903473339304
  0.00017031107400859  0.00018273415814415  0.00019580745139340  0.00021068036530287
  0.00022852613932177  0.00025077341977735  0.00027719637606069  0.00030653104162550
  0.00034028290610008  0.00038323256083920  0.00043792521605028  0.00050799299847259
  0.00060065601678788  0.00071725185183312  0.00085834120095349  0.00103391708684704
  0.00129063868795912  0.00164292735183484  0.05283695807559324  1.00000000000000000
 -0.00247478204590931  0.00932788523050718  0.01929347093322473  0.02995172203213424
  0.04043789561133797  0.05093214375858415  0.06106836633200298  0.07192533229390841
  0.08271175979800215  0.09363594718052370  0.10450257453641355  0.11546485552285833
  0.12661277451336073  0.13772365468425571  0.14923856675352135  0.16066647346308327
  0.17206299967529060  0.18341844786292663  0.19444109553265299  0.20506194524583121
  0.21563720612993417  0.22586810020393494  0.23632962388941112  0.24643838854758873
  0.25703008218861051  0.26775169542235178  0.27833395598019878  0.28896352603079056
  0.29913222670781026  0.30952661280675131  0.31976994863915803  0.33020811758815471
  0.34057243085575806  0.35123096919509839  0.36202590873236451  0.37265168231239998
  0.38311676583762005  0.39350335186338042  0.40408100601962460  0.41466401555655158
  0.42528754774813649  0.43596676206525226  0.44658438076867379  0.45747635443206469
  0.46839606569949244  0.47963966835626709  0.49050776541993801  0.50115665258886766
  0.51154631681442353  0.52208717758315737  0.53264248901486877  0.54339381504521378
  0.55392459109032410  0.56392294217744099  0.57387467466413056  0.58403197390818062
  0.59471470839057383  0.60499528451875095  0.61518290685678267  0.62590472207485603
  0.63726423635766571  0.64805805860203247  0.65841294581200749  0.66854753255175670
  0.67876107096779081  0.68879554744749794  0.69839751755255375  0.70827538493439945
  0.71842462951854480  0.72897057911842456  0.73885733184231206  0.74805579095406016
  0.75742912577739818  0.76739218550984223  0.77827706539825992  0.78836966970958688
  0.79833768240335057  0.80857189489590209  0.81953836486098630  0.83029473081936334
  0.84090417684595109  0.85138366846284796  0.86233118996914082  0.87344339859651121
  0.88408092394178672  0.89461883756864569  0.90498908928134880  0.91548760173670107
  0.92599090392114802  0.93623588047811568  0.94673346010655768  0.95675969940946060
  0.96725933182286494  0.97768296673136634  0.98894293679260681  1.00000000000000000
  0.00000551550221314  0.00005556534040055  0.00010561517858796  0.00016428165566700
  0.00024251955833779  0.00032075746100858  0.00039778627408079  0.00047430438825469
  0.00053707478856411  0.00057734957983417  0.00061873306566176  0.00066277109267942
  0.00070683517372919  0.00075094034100390  0.00079534624459451  0.00084007225752262
  0.00088515100534189  0.00093045797051170  0.00097793832616554  0.00102612774687029
  0.00108639868043955  0.00114855895977688  0.00121038520549617  0.00127236645929206
  0.00133574644583405  0.00139915306814923  0.00146263477083821  0.00152790994224586
  0.00159561486690326  0.00166337177255625  0.00173116751506456  0.00180137022439421
  0.00187256642117290  0.00195035244593635  0.00203318402508473  0.00212584633964035
  0.00222257124241358  0.00231886749310102  0.00241372939816163  0.00250409652871330
  0.00259759806528527  0.00269471670788230  0.00277572016570996  0.00285584949115286
  0.00293980995287786  0.00302471512596431  0.00311184219554929  0.00320868581617184
  0.00331774033997837  0.00342938615912362  0.00354231130136571  0.00365648004918771
  0.00377612415148545  0.00389276452732312  0.00400911263212568  0.00414088694119786
  0.00427662166787153  0.00442237398954501  0.00457377905987541  0.00472120161266925
  0.00486294568787302  0.00499378694322490  0.00513809789338874  0.00529346497516525
  0.00546525849003254  0.00565573203936158  0.00584860306699235  0.00603878663117609
  0.00622907461015955  0.00642602314622627  0.00663407433134269  0.00687062441844615
  0.00727397168884120  0.00750450534597597  0.00770597653958339  0.00794183525008118
  0.00816466301642700  0.00840381004886365  0.00866047482907225  0.00893100077991705
  0.00922923369636949  0.00953321161669939  0.00987457651132071  0.01026155324866102
  0.01067577013408270  0.01104572301401225  0.01137556823649480  0.01171564116952106
  0.01240968314236376  0.01707565845165709  0.01797188878916503  0.02143772325820650
  0.02358734138958207  0.02549849446898143  0.06298436288076255  1.00000000000000000
 -0.00225375060036033  0.00923503843748691  0.01892250171956614  0.02840729309810481
  0.03814854961851510  0.04802528704168862  0.05806999601380487  0.06835907757402696
  0.07842367823858726  0.08807076773861403  0.09738848819211328  0.10676164513699282
  0.11633883020947151  0.12612187803159478  0.13598832907351621  0.14592001212508715
  0.15606003255244205  0.16627866477327635  0.17645495661126342  0.18652602358866230
  0.19687349224548700  0.20766507932268929  0.21907027899429671  0.23035574417695687
  0.24126458087783129  0.25198472746959644  0.26284665972571813  0.27404950122579202
  0.28501676361107459  0.29609994746242818  0.30733866943367960  0.31855488183872732
  0.32929168508625350  0.33984340256540396  0.35043628794146625  0.36130304374028566
  0.37261302811073482  0.38440112491418915  0.39637473859193029  0.40837118038133119
  0.42049702493188595  0.43300976976938410  0.44551560532857482  0.45792642091948998
  0.47005133790037407  0.48213270755470655  0.49444675894415652  0.50657297254750078
  0.51863461486203333  0.53000601514231815  0.54101866131551402  0.55147052875173941
  0.56176811203224963  0.57229451523001895  0.58305804607096501  0.59437012005998191
  0.60572889998346557  0.61663398283680160  0.62779517851994571  0.63921334168629984
  0.65057591173679441  0.66190819646527610  0.67272421445592900  0.68386909515054684
  0.69511043595838218  0.70690005059825911  0.71769698576020147  0.72882978417905520
  0.73955136936377630  0.75061703554983283  0.76104178345771922  0.77156718841253802
  0.78172277473595864  0.79211003462656493  0.80206799112495009  0.81231499484882785
  0.82224597768601504  0.83236992559257483  0.84271609952302839  0.85331158753601077
  0.86382382175433325  0.87404855192260411  0.88371717545522666  0.89318659569461056
  0.90260723937716303  0.91180532167624306  0.92102308422005874  0.93026930727561563
  0.93931943595763345  0.94858532953711605  0.95749536316687589  0.96611317087600923
  0.97484092849082704  0.98360433158945904  0.99198626712602844  1.00000000000000000
  0.07007033437783672  0.08738853526789193  0.10815785406168654  0.12219385395793457
  0.13151925301239575  0.14188600804721091  0.15309942937817794  0.16502755896638421
  0.17636052208961817  0.18701191533460931  0.19703246335867078  0.20730055509703849
  0.21802475959947828  0.22872565587079965  0.23936668217220597  0.25015092669554262
  0.26073916627054755  0.27051096452166695  0.28003683758289516  0.28977616339716356
  0.29937557762091294  0.30870856795569496  0.31750003937913018  0.32618314955474897
  0.33482708386931753  0.34460585651168640  0.35431350006872309  0.36394310157932291
  0.37340980007247576  0.38313278950948793  0.39315609573290144  0.40318802227967820
  0.41300864907344376  0.42298944495036084  0.43276501367733411  0.44253529334940706
  0.45183650521976348  0.46135201091263139  0.47064034934494225  0.47999055628417592
  0.48909882560808127  0.49829719881240703  0.50751564761659462  0.51702219144431527
  0.52640415338121171  0.53565799828925864  0.54469082299751104  0.55376998981115833
  0.56286193199910073  0.57188246680056587  0.58097556237770343  0.58991403371867945
  0.59871997635359198  0.60735098271601939  0.61584858804995679  0.62466049867406759
  0.63351721900679969  0.64238252944060126  0.65125859764574001  0.66036977134887054
  0.66944065901184879  0.67850665897660545  0.68746643326855095  0.69648804626548066
  0.70556928543592456  0.71440619793436189  0.72322410387353908  0.73193087032273252
  0.74068841742018232  0.74946518580210986  0.75823055594016586  0.76694602133405576
  0.77578856827097376  0.78466831941870341  0.79341687279883222  0.80203170880605967
  0.81061466529103887  0.81926039597727973  0.82796505717156021  0.83629500858581018
  0.84405086280886610  0.85143684842979817  0.85874732971480006  0.86618679244943919
  0.87370786335723627  0.88141190234547151  0.88933316544483276  0.89785761418027621
  0.90727893585252706  0.91744940275819076  0.92811084725027104  0.93943640362178249
  0.95164990785524761  0.96515212291268027  0.98092519679005463  1.00000000000000000
 -0.01600298137369053  0.09787446249008960  0.13301038895138287  0.15453033035230418
  0.17247292047683646  0.18814600158697806  0.20190096645771888  0.21421604585897203
  0.22569110565463615  0.23654474338721965  0.24685108817156159  0.25680882038964226
  0.26659890809108699  0.27596139293823069  0.28494005530798933  0.29340217097919175
  0.30152976095674372  0.30938789907138453  0.31664634591853447  0.32389820860259133
  0.33113095140980781  0.33821398152216020  0.34504075531224376  0.35147255932987320
  0.35773374370979372  0.36396634665185734  0.37033006421218428  0.37674047638308256
  0.38299223127157761  0.38925811966639662  0.39578703071115029  0.40233596165657803
  0.40871771313103289  0.41496241869686185  0.42118417609922132  0.42738496206623722
  0.43353340314904165  0.43962096107603826  0.44556787324341601  0.45150218677598813
  0.45749999597705260  0.46347599746078261  0.46928894348793998  0.47482802664734824
  0.48028563326964591  0.48578643997527304  0.49135685082547398  0.49711602766199525
  0.50286790712510288  0.50853900204280389  0.51428832312938388  0.52009986496582117
  0.52603306131684202  0.53209566636674177  0.53815228608802457  0.54412865696005897
  0.55005207590544858  0.55598002522993772  0.56193408869824779  0.56784825195228927
  0.57366394048571023  0.57954457094286305  0.58536985540152464  0.59127365951602251
  0.59725658019971495  0.60349758186553459  0.60997570701770742  0.61643566769465619
  0.62281973960317705  0.62929210275093594  0.63595705429211413  0.64285267520985168
  0.64994664919623979  0.65700748045304636  0.66399062493056005  0.67114620582792650
  0.67858758877995440  0.68619486849095990  0.69388976716012740  0.70168781148804760
  0.70972702120227293  0.71812204187869433  0.72670313673658282  0.73563260695284305
  0.74467616743949439  0.75422427992832208  0.76416652821454589  0.77473159248292112
  0.78619440503933602  0.79866081378821374  0.81237268214551261  0.82776357542450996
  0.84591563971418937  0.86763287280649204  0.90279971980657991  1.00000000000000000
   1.8989475758237077E-003  -1.0000000000000000     
 F F F F F F F F F F F F F F F F F F F F F F F F F F F F F F F F F F F F F F F F F F F F F F F F F F F F F F F F F F F F F F F F F F F F F F F F F F F F F F F F F F F F F F F F F F F F F F F F
  <DiscreteSampler_grid>
  grouped_processes
  1 # 1 for a reference and 2 for a running grid.
  10 # Attribute 'min_bin_probing_points' of the grid.
  1 # Attribute 'grid_mode' of the grid. 1=='default',2=='initialization'
  0.0000000000000000 # Attribute 'small_contrib_threshold' of the grid.
  0.5000000000000000 # Attribute 'damping_power' of the grid.
 # binID   n_entries weight   weight_sqr   abs_weight
    10   10   1.287700106895274E+006   1.145269071085954E+013   1.287700106895274E+006
    16   10   1.287700106895274E+006   1.145269071085954E+013   1.287700106895274E+006
  </DiscreteSampler_grid>
