  0.00004385101112006  0.00004791064281051  0.00004998716078837  0.00005151395593997
  0.00005279347925594  0.00005393011233194  0.00005498631861378  0.00005601010480132
  0.00005699091749492  0.00005792334614769  0.00005883169827682  0.00005970900409361
  0.00006054841832111  0.00006139421333794  0.00006228766475444  0.00006321382800815
  0.00006415289692982  0.00006510881615261  0.00006607531000245  0.00006703721096829
  0.00006801009046718  0.00006898962417861  0.00006997450519569  0.00007097722378707
  0.00007200170736394  0.00007303632545311  0.00007409453527114  0.00007516820183654
  0.00007625243859020  0.00007734993744007  0.00007847454704480  0.00007959773056067
  0.00008072385627346  0.00008186715895408  0.00008303153635220  0.00008421656979389
  0.00008542116022310  0.00008665901104044  0.00008790682052060  0.00008918084986388
  0.00009046526501086  0.00009169125858721  0.00009287474501323  0.00009408191364665
  0.00009548527722682  0.00009698696358288  0.00009847711717608  0.00009994813988319
  0.00010155536855205  0.00010336899999920  0.00010506361872013  0.00010661971450476
  0.00010822810951540  0.00011003022014972  0.00011188851897555  0.00011381984769759
  0.00011582586807787  0.00011791370972140  0.00012004154625453  0.00012211921423509
  0.00012427217251753  0.00012669315177249  0.00012929929023839  0.00013195332455591
  0.00013470324863173  0.00013756748784605  0.00014057972386036  0.00014364414311829
  0.00014662354414975  0.00014977401281681  0.00015332569261662  0.00015708622216761
  0.00016091720178564  0.00016489690878698  0.00016938623514410  0.00017452326832389
  0.00017994175775748  0.00018567290971983  0.00019221805071000  0.00019970223012632
  0.00020807965531357  0.00021737004645375  0.00022782773295399  0.00023988810384080
  0.00025383176741303  0.00027062535615849  0.00029142266299503  0.00031041790964379
  0.00032000042038072  0.00036418847704590  0.00052546220938172  0.00111955556571363
  0.00239423730066391  0.00493986512732768  0.07493352939990772  1.00000000000000000
 -0.00378285149867015  0.01677354480587854  0.03661553412638585  0.05424289288753332
  0.07055774440754320  0.08562784179518512  0.10085090399352489  0.11525343955798242
  0.12888314581800647  0.14180725843033354  0.15385126931317147  0.16484939468567150
  0.17583167314030140  0.18705202543857696  0.19771740125710402  0.20796928420345634
  0.21793249684848945  0.22764305454091088  0.23721809600308918  0.24688829224772343
  0.25679039121456165  0.26657745627205393  0.27595288497884979  0.28493530823856550
  0.29387691421526813  0.30298160411822450  0.31220928597765546  0.32175196513053522
  0.33169971024917644  0.34193533404495696  0.35196104112568899  0.36135191077942624
  0.37014071602300425  0.37874567360205436  0.38758295251341190  0.39665733228577349
  0.40570433090945196  0.41453817055509673  0.42334067581168539  0.43213693858846647
  0.44105475530027272  0.44992670406749918  0.45881495987668963  0.46756919164207422
  0.47641106693126201  0.48475075427593950  0.49297739347360964  0.50088106913401853
  0.50955650936892194  0.51843373570689777  0.52707084590878528  0.53544206415995710
  0.54358878923077747  0.55144771618782817  0.55936805449032845  0.56725616451666916
  0.57528831853023388  0.58336006078490898  0.59189122125156446  0.60053194321072201
  0.60919668097606883  0.61779278358890188  0.62585959487153497  0.63401209233924294
  0.64236287872636211  0.65097984762183247  0.65993911629769009  0.66905236483267794
  0.67795757194112594  0.68653906211197391  0.69510844413397588  0.70374592172671069
  0.71264993521155440  0.72171349983195809  0.73093735431026130  0.74049277233175170
  0.75043518065259796  0.76052676158792909  0.77086915220828611  0.78127934566939405
  0.79216437580542010  0.80298092857056291  0.81316371024126488  0.82373772285152547
  0.83507020172055046  0.84649005860525939  0.85761463475674771  0.86857045878226513
  0.88101441374039557  0.89462710340743923  0.90877858854099836  0.92395873975266962
  0.94215739728678327  0.96019396751972896  0.97911257358049131  1.00000000000000000
 -0.00243744920881171  0.00919148050245922  0.02023118230406789  0.03086081504665827
  0.04120511551527398  0.05164420943742785  0.06220075512921892  0.07238541982255003
  0.08203290918336326  0.09140194631796364  0.10164374262646247  0.11217139847864512
  0.12191832567069025  0.13155706429633374  0.14173082265210185  0.15247407351396028
  0.16351004881922238  0.17483242182444561  0.18600907895407195  0.19658019486500805
  0.20748102507074151  0.21836654445607628  0.22932663390868713  0.24063410302401231
  0.25208650096314666  0.26352128778001432  0.27486953415603171  0.28608855939531308
  0.29691359986460902  0.30764359895532079  0.31844725093101051  0.32945284243778605
  0.34089688372341992  0.35249501571724007  0.36291427102590018  0.37251601417093222
  0.38243037373478728  0.39187651059972961  0.40112234527754476  0.40990610166609565
  0.41851145239787119  0.42856192901330692  0.43861106840571301  0.44849395499360295
  0.45843806488314426  0.46850881005706968  0.47897955547268284  0.48939316511167513
  0.49949279256916385  0.50983000662039246  0.52032882071577391  0.53083199592266717
  0.54159415839505598  0.55263151911441522  0.56331744646399262  0.57335131378545878
  0.58324635203458408  0.59344062351405968  0.60378810410281858  0.61381082994954683
  0.62378501833586919  0.63431957944396089  0.64511123489910682  0.65611177664037368
  0.66676848958224266  0.67816665940662979  0.69000961999130817  0.70135067157820330
  0.71224023524757107  0.72306742518286693  0.73391200312708160  0.74488449202864493
  0.75613862623819961  0.76757602748157516  0.77915983876288253  0.79059659810907490
  0.80122536677470158  0.81082953414652470  0.82048395191035950  0.83008883771729103
  0.83938764538984989  0.84827002438459764  0.85789752707210298  0.86930820545320375
  0.88199230455866817  0.89358452535120392  0.90475792974933988  0.91527673086507200
  0.92601311182089607  0.93690757459162421  0.94782971175259889  0.95850630362478839
  0.96871654700252496  0.97899679494421532  0.98940736582890798  1.00000000000000000
 -0.03646932486452194  0.16576582359987840  0.22066551749907160  0.24263347186162015
  0.26185058176380782  0.27771872755985949  0.29017119112751383  0.30067988641273441
  0.31038845506503132  0.31972243370915843  0.32852821097946577  0.33672002559246939
  0.34401121687741382  0.35077343095619506  0.35703603302827580  0.36301869282498045
  0.36874509456395005  0.37453446469655960  0.38043627416235454  0.38605583426845097
  0.39140330643687377  0.39652027816071989  0.40146500398692037  0.40633120971590153
  0.41085699191619368  0.41513613841614766  0.41939136492964013  0.42367690335283026
  0.42786891128221766  0.43207069085256122  0.43631098946661262  0.44061449287156174
  0.44506933767964063  0.44969458986183863  0.45352936551838391  0.45682457233857193
  0.46011353405738026  0.46364701341262110  0.46731313532480284  0.47097418458959561
  0.47453673610663710  0.47799531629814351  0.48178411067726135  0.48569794799007165
  0.48953604651341043  0.49320164614607398  0.49672892146209469  0.50026406838751214
  0.50380207181676928  0.50731549427964573  0.51067354296193712  0.51390330636419967
  0.51705221826431458  0.52015414923605596  0.52345640589007414  0.52682259609164539
  0.53031830275328096  0.53413388957982477  0.53782420436282397  0.54155979681814159
  0.54554831831700035  0.54956579091214908  0.55356602324195048  0.55750159140110056
  0.56145425179586150  0.56539768806305357  0.56930462839835005  0.57321279185688767
  0.57728421266510133  0.58168052658558944  0.58626123829486609  0.59096823514336294
  0.59564143460352137  0.60036822964245595  0.60523879539428727  0.61010355417002071
  0.61512224551037842  0.62094523417675473  0.62718792186269667  0.63315968588440896
  0.63886136652982028  0.64448362974347340  0.65043030348025521  0.65744671333963434
  0.66504441454620311  0.67203421506846639  0.67894513857259664  0.68636415175909726
  0.69501259381959679  0.70395345851322466  0.71462383657247008  0.72863480823569471
  0.74765830413638223  0.77263870969244863  0.81184629243702955  1.00000000000000000
 -0.00171027313505122  0.00742169696056349  0.01808862128608841  0.02813809365751860
  0.03859404178266247  0.04809338960997005  0.05813801424096436  0.06799948084002175
  0.07833407340846286  0.08997595152487696  0.10150896826397708  0.11180097893515745
  0.12130015552890429  0.13090209134616940  0.14176512681064460  0.15220018369945260
  0.16180758773771364  0.17281274155812970  0.18428750488273596  0.19565790766017718
  0.20667509150710969  0.21728080025139657  0.22756457405869759  0.23774940093949737
  0.24740762070111341  0.25697067083168035  0.26671311606125425  0.27681597910877315
  0.28762275785611247  0.29878545973782772  0.31029821508755678  0.32121335388321337
  0.33142584518956991  0.34193037129885145  0.35232659344194772  0.36240008656983724
  0.37223360699248376  0.38233618651061829  0.39285360348777870  0.40361655945578256
  0.41404985934777577  0.42416087595039642  0.43418203807545808  0.44351932620053391
  0.45204158986513171  0.46105994872201261  0.47055644451766077  0.48017906107329283
  0.48980456423152058  0.49945267167966650  0.50996397044283848  0.52114557934324912
  0.53243918000832469  0.54377216792706196  0.55505321089742510  0.56550163368249673
  0.57525006022292624  0.58572199288036053  0.59665805458996746  0.60703986581445191
  0.61652427931831988  0.62580223530841317  0.63531157477924127  0.64481309370555384
  0.65495232927795399  0.66593090373185326  0.67697704924726054  0.68793714920411309
  0.69909805740769226  0.71055507688602648  0.72212610180697323  0.73351425529347658
  0.74469235638694586  0.75589342914452540  0.76733079481724598  0.77893232909695720
  0.79038053106273953  0.80148178315266383  0.81223647714908853  0.82272431571510429
  0.83310004173322860  0.84330368473079098  0.85331151619390910  0.86349022010007936
  0.87419346151208710  0.88540019119338820  0.89678901397838284  0.90822119686434311
  0.91967674637189978  0.93089720201628001  0.94191691464414817  0.95291381734697345
  0.96423482691973217  0.97579000161998486  0.98759894153260330  1.00000000000000000
  0.02841914851703363  0.20798032534307667  0.42780378705163957  0.50515277101643818
  0.55080040516072426  0.58771767274514952  0.61454380266812803  0.63568081012066535
  0.65335092425402352  0.66883332022612885  0.68370075443985101  0.69663712948698364
  0.70697471028782244  0.71595822892113725  0.72433552680769997  0.73210005299727998
  0.73974004307729979  0.74722179634700037  0.75444538823322027  0.76128294263846008
  0.76757353003950135  0.77332702874369863  0.77869836141459736  0.78365143144515270
  0.78850579610425875  0.79341596858096453  0.79823465346366074  0.80291417098482021
  0.80729729789602012  0.81138020389873200  0.81544523514100209  0.81942997797655448
  0.82308960796236552  0.82662747353213484  0.83013288297257548  0.83354501555695004
  0.83685886348275818  0.84005778154586552  0.84322134250635394  0.84638064734274399
  0.84956713139313245  0.85274707592465782  0.85586151490672679  0.85886766661798986
  0.86164097510398663  0.86425408693646799  0.86684019622586694  0.86941079785062869
  0.87190617311916263  0.87427160732715981  0.87659831301051150  0.87901564574510849
  0.88151627752685957  0.88399536946242352  0.88639977743967668  0.88870718246749636
  0.89089362752002732  0.89305650135528092  0.89525163412464293  0.89749247812082966
  0.89966463391879792  0.90179824721504009  0.90385225563109661  0.90589123354647516
  0.90800239431095675  0.91011364129637884  0.91221503312100316  0.91422719077781911
  0.91623243946195954  0.91833428501928505  0.92043424717590083  0.92247872945867260
  0.92453443216366438  0.92665486167706401  0.92879116505477488  0.93086568724744534
  0.93290621097824777  0.93494527774407465  0.93703021371107409  0.93928546142573666
  0.94166606935649677  0.94408009097659484  0.94647608858291343  0.94885460433747160
  0.95121463234391634  0.95354991364673669  0.95594932614999206  0.95853039803133877
  0.96130422972906171  0.96417483319626951  0.96718438588046363  0.97056083826280404
  0.97440110266686308  0.97922221067918536  0.98672847444694256  1.00000000000000000
 -0.03050829153396529  0.12818254803379464  0.16702878501029320  0.18570082538395877
  0.20287875194245053  0.21771867438812664  0.22957975415256437  0.24000191702228660
  0.25093389276869921  0.26217447517620501  0.27278023214257979  0.28229376210664714
  0.29118981654957110  0.29971076067172936  0.30788476153466571  0.31581195302476750
  0.32354189016633489  0.33102180182336027  0.33822671265309995  0.34515882310653723
  0.35194429352918000  0.35846757978837168  0.36491728635730414  0.37115235231092797
  0.37695242057263151  0.38210569885737261  0.38708015685338820  0.39212610702652390
  0.39748821663939876  0.40301818664545108  0.40818005311346323  0.41299031817954757
  0.41769731294342427  0.42284734752162151  0.42798763486767982  0.43299187571697589
  0.43815529099157202  0.44361939892945362  0.44895879488004065  0.45420602626675904
  0.45937846238625218  0.46445228320460141  0.46932552291020557  0.47410982850194594
  0.47906135566232222  0.48417804957981753  0.48911222256081222  0.49367394902057149
  0.49817817317362745  0.50295336577755534  0.50793523452104017  0.51296917443347823
  0.51808289696803467  0.52319115313981979  0.52817778776759483  0.53316401176899009
  0.53819145885071173  0.54313106275533185  0.54804616920949123  0.55311007571424864
  0.55836436686401114  0.56354343709953969  0.56857700165308722  0.57378139971282383
  0.57921495033761250  0.58469141843695616  0.59000086960406017  0.59507474557651363
  0.60024612418386525  0.60581074533445678  0.61174965560051375  0.61784766475315045
  0.62388238767306003  0.62968396697042162  0.63519602843055400  0.64057116073175646
  0.64630510829194354  0.65271501612404803  0.65975946900066273  0.66710787762606216
  0.67466718932604630  0.68243367336534688  0.69022402842675357  0.69798975201762548
  0.70607548524354269  0.71469127417429446  0.72361971811906001  0.73304307797090562
  0.74366579748626693  0.75540457719559273  0.76858278932380575  0.78294002423807352
  0.79930202309208098  0.82030391015013493  0.86913237247292641  1.00000000000000000
   2.5168222677268174E-008  -1.0000000000000000     
 F F F F F F F F F F F F F F F F F F F F F F F F F F F F F F F F F F F F F F F F F F F F F F F F F F F F F F F F F F F F F F F F F F F F F F F F F F F F F F F F F F F F F F F F F F F F F F F F
  <DiscreteSampler_grid>
  grouped_processes
  1 # 1 for a reference and 2 for a running grid.
  10 # Attribute 'min_bin_probing_points' of the grid.
  1 # Attribute 'grid_mode' of the grid. 1=='default',2=='initialization'
  0.0000000000000000 # Attribute 'small_contrib_threshold' of the grid.
  0.5000000000000000 # Attribute 'damping_power' of the grid.
 # binID   n_entries weight   weight_sqr   abs_weight
    10   10   8.483622492942906E+000   6.281842480522769E+002   8.483622492942906E+000
    16   10   8.483622492942892E+000   6.281842480522747E+002   8.483622492942892E+000
  </DiscreteSampler_grid>
