  0.00000296558761780  0.00000315670167242  0.00000329545539911  0.00000341997604828
  0.00000354609898357  0.00000365967370168  0.00000379095759459  0.00000393346437289
  0.00000408571437499  0.00000424074619668  0.00000442091327943  0.00000461031419075
  0.00000480687538126  0.00000501300675845  0.00000524023166154  0.00000548544386713
  0.00000574776984663  0.00000603168233631  0.00000632866838259  0.00000662713082922
  0.00000693964314104  0.00000729242002052  0.00000766586600445  0.00000807766555747
  0.00000849692496401  0.00000891799118364  0.00000935177093049  0.00000983737871457
  0.00001034150129632  0.00001088945612998  0.00001147125462341  0.00001207314775683
  0.00001271146142856  0.00001339392268758  0.00001408634846968  0.00001483906501757
  0.00001564288663959  0.00001648633492781  0.00001739266810228  0.00001835150747544
  0.00001934099275392  0.00002039929909454  0.00002149387560142  0.00002260344080255
  0.00002378417606694  0.00002504699399504  0.00002639818923592  0.00002791692001752
  0.00002953428182001  0.00003119314088909  0.00003301219945866  0.00003485377784747
  0.00003683434678862  0.00003891532465633  0.00004112062943011  0.00004356479919851
  0.00004630175020082  0.00004918727585492  0.00005241652393212  0.00005569803060127
  0.00005951254737426  0.00006329227998262  0.00006752654635379  0.00007195888045772
  0.00007683369888026  0.00008190524206632  0.00008711754377175  0.00009265304266156
  0.00009854581786581  0.00010505788542384  0.00011260858518058  0.00012187829833171
  0.00013155671815144  0.00014133082013786  0.00015157990328461  0.00016269111158596
  0.00017567713366880  0.00019110368124487  0.00020628163118807  0.00022279465475514
  0.00024104733333319  0.00026336084268931  0.00029319224965615  0.00032797589476585
  0.00036914314091739  0.00042404378729735  0.00048888376488287  0.00055395752061452
  0.00063212490712763  0.00074500375887185  0.00094161142667506  0.00123834700398380
  0.00163432087940613  0.00224302600324237  0.00637938281313352  1.00000000000000000
  0.00000246837339484  0.00000272220977664  0.00000297129913519  0.00000318961715546
  0.00000338916687349  0.00000358616730475  0.00000379312979616  0.00000402051792217
  0.00000426969882257  0.00000453685786903  0.00000481978508979  0.00000511526517431
  0.00000543662935967  0.00000578288088977  0.00000616258395158  0.00000655889036202
  0.00000695260762341  0.00000736124044087  0.00000775672531462  0.00000820687370790
  0.00000868187774676  0.00000919241362731  0.00000971835936949  0.00001025345680303
  0.00001080977383779  0.00001141722713595  0.00001205173572310  0.00001271615474084
  0.00001340894572327  0.00001412233364646  0.00001488059596996  0.00001567499405693
  0.00001648644565673  0.00001734863663122  0.00001825558250464  0.00001918884852546
  0.00002018312286015  0.00002122060706229  0.00002228296577536  0.00002343840432566
  0.00002469558267385  0.00002596398210525  0.00002737916025633  0.00002880423512835
  0.00003028311393486  0.00003186800834124  0.00003357853048825  0.00003535086836880
  0.00003726913411950  0.00003926347348596  0.00004139065591763  0.00004372007755905
  0.00004615214425921  0.00004866016856463  0.00005133508810828  0.00005420263371460
  0.00005724949707764  0.00006052661145191  0.00006396319603646  0.00006761248812142
  0.00007155887744859  0.00007545947944813  0.00008014389580010  0.00008500412852317
  0.00009046524750102  0.00009605180592071  0.00010195369208538  0.00010820251246829
  0.00011414899798789  0.00012075201667927  0.00012788847814551  0.00013633425778922
  0.00014705674087586  0.00015885561335791  0.00017272990343967  0.00018888769515119
  0.00020664880704782  0.00022465138176891  0.00024281746148404  0.00026323237239457
  0.00028784120103304  0.00031472029574317  0.00034505327722584  0.00038096488884173
  0.00042535648358354  0.00048722470041930  0.00056868005304149  0.00066919964779499
  0.00079173691128047  0.00093104204851969  0.00111221672566882  0.00138630707728669
  0.00168936549327740  0.00297080984937392  0.00617342080153843  1.00000000000000000
 -0.00239858316311855  0.01067301032685037  0.02176743604666055  0.03329653252143812
  0.04420235683912828  0.05439706756765952  0.06422328819572774  0.07403203830177878
  0.08404065244716551  0.09403645955252012  0.10426793990847438  0.11459918858749374
  0.12508957728389170  0.13637196835996945  0.14809319103011265  0.15953021200495479
  0.17018559926515223  0.18054422906792500  0.19064328954778195  0.20100457552527379
  0.21121319097636454  0.22188322676247488  0.23268866173305569  0.24402315895084392
  0.25529255166980375  0.26643768531573864  0.27712079619286645  0.28765499712749354
  0.29825706841570843  0.30910050451345561  0.31966908946522732  0.33004325824743674
  0.34027976480561084  0.35077693899069329  0.36169699709375641  0.37242954568992376
  0.38297012514492851  0.39351871921335213  0.40458441468657896  0.41585093186826833
  0.42677869830260662  0.43745803513578574  0.44799600176670157  0.45838864861928835
  0.46857909307605605  0.47902393747450667  0.48976948872288228  0.50024316054703921
  0.51008932150667230  0.51970858390590524  0.52936007194736001  0.53913905242698157
  0.54923057685947896  0.55989325170680926  0.57078130910668601  0.58156137915375250
  0.59193223645338544  0.60227709770918869  0.61209308463476297  0.62182399746186745
  0.63156217890260014  0.64187793538897719  0.65199462773144035  0.66249468052108751
  0.67307739513010967  0.68428557498026343  0.69479984734681755  0.70405955764514849
  0.71353476687838768  0.72319698387607234  0.73328479626179266  0.74385850160630440
  0.75428831159432674  0.76474307656005447  0.77487676280719620  0.78502323098661597
  0.79528998143549223  0.80592750291122006  0.81664938258340569  0.82743258240018136
  0.83822606185190807  0.84927129045067240  0.86014488774357045  0.87050646717828140
  0.88093556309064081  0.89172509539978340  0.90278060827829854  0.91372659705990023
  0.92471708571446609  0.93574012335798451  0.94664204068775748  0.95710455072126888
  0.96781379621431163  0.97852940836810609  0.98937692798779364  1.00000000000000000
  0.00000756132820913  0.00005200379619293  0.00009644626417673  0.00015749233939697
  0.00023789425794049  0.00031829617648402  0.00040077011931442  0.00048326831160135
  0.00053357824447378  0.00057452055485059  0.00061955504245125  0.00066549852695111
  0.00071126641411574  0.00075703234206925  0.00080279409115579  0.00084949076273216
  0.00089690163027425  0.00094371539866655  0.00099310109655265  0.00105755172726962
  0.00112131621874829  0.00118415583107310  0.00124899370097706  0.00131487159169964
  0.00138077896916003  0.00144740334178698  0.00151582296068108  0.00158745242229585
  0.00166122324758120  0.00173920113693778  0.00181831132645393  0.00189845568967439
  0.00197688480859709  0.00205683922898396  0.00213833230146797  0.00221835547441225
  0.00229789542008576  0.00237675689959032  0.00246079474553814  0.00254872010646881
  0.00264502846312514  0.00275030845654728  0.00285542444279601  0.00295857228148333
  0.00306863206727255  0.00317597960554451  0.00328593521242544  0.00340630505579408
  0.00352675527698538  0.00365747168145902  0.00378270046408911  0.00390608686067583
  0.00403493947628120  0.00415722807053377  0.00430272406259068  0.00444627156791497
  0.00458194841072019  0.00470700536724156  0.00481754881888834  0.00490705963986487
  0.00500526142908000  0.00511595033237735  0.00522615069712024  0.00533602108643284
  0.00548148819491692  0.00564169886222117  0.00581184956618551  0.00600017383956287
  0.00619678853229504  0.00636202038405373  0.00652755628352249  0.00670935574174769
  0.00697532546222826  0.00724688319658420  0.00745931823187991  0.00767130678172182
  0.00789016116223131  0.00813475388095853  0.00834365738419809  0.00856418106417703
  0.00880798826419353  0.00909178225635502  0.00943611021193275  0.00976438566914524
  0.01028039179014565  0.01172760820285663  0.01224439319509655  0.01307451969761753
  0.01447053983782309  0.01494994943951843  0.01588636831024142  0.02222665642052421
  0.02527362188965693  0.03296771876096617  0.07110247001111324  1.00000000000000000
 -0.00219503685929647  0.00861376329818675  0.01776829259313042  0.02715084414062544
  0.03645307433287090  0.04564096714446483  0.05483109833342299  0.06424198326419669
  0.07392203110036343  0.08361501655957936  0.09308561894806301  0.10248123846027864
  0.11204708779297599  0.12182645834524188  0.13156934311205132  0.14111903627310138
  0.15084473969447132  0.16104763160891963  0.17163437560250402  0.18246944969599388
  0.19353388323320148  0.20462363130011307  0.21518232826516390  0.22522929819444276
  0.23533432750560876  0.24573261082173664  0.25672400755543329  0.26821868581546604
  0.27993208216045790  0.29187465789060368  0.30363927669162183  0.31533202245628555
  0.32667561110932786  0.33769999577913673  0.34841987815158409  0.35915603029915089
  0.37000364399723640  0.38118277429086223  0.39247154744077173  0.40342177869482065
  0.41361776672897238  0.42399191641718303  0.43421882557857577  0.44558311092244474
  0.45644582574709430  0.46788212694896569  0.47956477559585325  0.49040697510379572
  0.50057723977089397  0.51090319369141479  0.52157563609082302  0.53311126485675153
  0.54504071524419850  0.55733501543848540  0.56944278781276791  0.58138144394120495
  0.59335085386481579  0.60499919893958576  0.61650876308372671  0.62775755728191818
  0.63894327529062367  0.65040282265436000  0.66188998979144620  0.67350296007895116
  0.68487407504274733  0.69626667879520032  0.70772298750038043  0.71922047597649752
  0.73054126843235312  0.74163387916302770  0.75268962235335712  0.76345040302442346
  0.77363311575439997  0.78359005957978312  0.79363315870523043  0.80358001070544904
  0.81305525070219609  0.82265857094537187  0.83260220546153441  0.84298871632035488
  0.85348161267694278  0.86390809142996428  0.87437327396774012  0.88477731463175380
  0.89509230124506589  0.90528760127438967  0.91533417686751395  0.92538774373983401
  0.93533580120130322  0.94511808668945652  0.95469403767162375  0.96416243473049990
  0.97348789439081673  0.98280014655157433  0.99161714861424777  1.00000000000000000
  0.05661993591085993  0.08968051057655088  0.11603967357577888  0.14163346638348623
  0.15779414190762561  0.16808595116155819  0.17886341081377088  0.18991898466402524
  0.20003204307726163  0.21026223014312304  0.22150258814399915  0.23294197825222376
  0.24332912903414838  0.25334874325822093  0.26368739579823280  0.27382321715858426
  0.28416560175065653  0.29414606801895216  0.30386083734846031  0.31358444912313088
  0.32355799296671334  0.33340481492077378  0.34281537501005444  0.35210643412553932
  0.36172945307360588  0.37169094757717924  0.38191327453771129  0.39215116002265399
  0.40207604531983909  0.41161115373241708  0.42078394261407498  0.42968175756483112
  0.43837224094395350  0.44695939435811044  0.45561680165371188  0.46445393001566199
  0.47328576391299637  0.48193505151913285  0.49072552098473454  0.49940672230947514
  0.50842878268142588  0.51723694695874101  0.52626244943913880  0.53527396924989934
  0.54420512561007373  0.55326906470101156  0.56218077404273714  0.57087287223625904
  0.57919309935677454  0.58748447052131547  0.59582963909337561  0.60437819446482188
  0.61305223958615751  0.62152745459278302  0.62987550097615264  0.63818179304866129
  0.64651091189081555  0.65502627739810326  0.66357151260658653  0.67213395640484785
  0.68068547798357881  0.68923432576027455  0.69776668380193230  0.70621870446938040
  0.71457657994176094  0.72289423060148306  0.73120996841602948  0.73951133592422347
  0.74781650015553747  0.75619603205460939  0.76464435599849756  0.77309545016907166
  0.78150472986608399  0.78987029730987779  0.79836291371076795  0.80685755246532564
  0.81552123509217911  0.82423021106979610  0.83246929542280768  0.84019446078561910
  0.84763361311349250  0.85498875344089242  0.86212872623417913  0.86948386418640566
  0.87707987541998012  0.88493441911519710  0.89302806467214724  0.90149121393027720
  0.91038737412492376  0.91993369254675417  0.93003853217910537  0.94064094002221432
  0.95184690728373900  0.96413503303660852  0.97913308748310446  1.00000000000000000
 -0.01662771464870836  0.10083108278886310  0.13495378974502029  0.15656524627873711
  0.17461278478320488  0.19012972494829825  0.20366777335599001  0.21616987645487806
  0.22790028226678793  0.23886631056745802  0.24925181150287901  0.25914744780521870
  0.26859535157000936  0.27755456131062556  0.28621580749847775  0.29457807004303038
  0.30260685874176912  0.31039862246678435  0.31794458806531423  0.32529520141746027
  0.33250935189475123  0.33960387134300851  0.34655114501206125  0.35325095279074076
  0.35983146637859181  0.36632609013718431  0.37290549403880180  0.37944936224377740
  0.38597854233343226  0.39243557256761086  0.39874914493171026  0.40498875360032577
  0.41130821393516875  0.41762567124194067  0.42369932846109859  0.42959895079737381
  0.43527624515844271  0.44084899686479745  0.44653484301463653  0.45238791516414723
  0.45836446160361982  0.46461758777359724  0.47051360689869298  0.47640981038217384
  0.48212753589672280  0.48796713169400324  0.49396655158177666  0.50001827805859322
  0.50608343120255006  0.51216201678830209  0.51829476373791084  0.52435065090619648
  0.53012381285334986  0.53581063001007034  0.54160074013625936  0.54750884858266990
  0.55352875245124800  0.55949771613144450  0.56539858600167481  0.57129237446997627
  0.57698057079907150  0.58276722847478879  0.58833619130697878  0.59353812069704182
  0.59872288426823761  0.60390336445135073  0.60921829157602447  0.61512952911584473
  0.62125732782889664  0.62733145385631806  0.63357479496379354  0.64020058605671715
  0.64716074541451862  0.65426936654840306  0.66168334923568051  0.66939849579965516
  0.67715336222376998  0.68474857352223650  0.69241036671859679  0.70042238419458713
  0.70877292651204915  0.71730896816166845  0.72603519828222518  0.73516162431342735
  0.74463241338587538  0.75439825894123613  0.76450930545546769  0.77540287254168594
  0.78724961210886824  0.79993595115999927  0.81302859468435695  0.82747544759355751
  0.84489209454945635  0.86641943805318877  0.90046316477673427  1.00000000000000000
   1.8723619812224320E-003  -1.0000000000000000     
 F F F F F F F F F F F F F F F F F F F F F F F F F F F F F F F F F F F F F F F F F F F F F F F F F F F F F F F F F F F F F F F F F F F F F F F F F F F F F F F F F F F F F F F F F F F F F F F F
  <DiscreteSampler_grid>
  grouped_processes
  1 # 1 for a reference and 2 for a running grid.
  10 # Attribute 'min_bin_probing_points' of the grid.
  1 # Attribute 'grid_mode' of the grid. 1=='default',2=='initialization'
  0.0000000000000000 # Attribute 'small_contrib_threshold' of the grid.
  0.5000000000000000 # Attribute 'damping_power' of the grid.
 # binID   n_entries weight   weight_sqr   abs_weight
    10   10   9.731553182640180E+005   7.349682101008320E+012   9.731553182640180E+005
    16   10   9.731553182640180E+005   7.349682101008320E+012   9.731553182640180E+005
  </DiscreteSampler_grid>
