  0.00000265820907207  0.00000317267394866  0.00000344225950986  0.00000352280085566
  0.00000363100488709  0.00000374370195895  0.00000388073102519  0.00000402449591055
  0.00000416868347722  0.00000432154204716  0.00000448812009411  0.00000466904200196
  0.00000486243907352  0.00000507010433590  0.00000529746336251  0.00000553488802928
  0.00000577796683456  0.00000606015230455  0.00000635611291702  0.00000666489469509
  0.00000698788022523  0.00000734859367732  0.00000771542941922  0.00000812842135820
  0.00000857311409685  0.00000904002773271  0.00000953213902957  0.00001004303932586
  0.00001055937754910  0.00001110635389052  0.00001169021523804  0.00001228185506983
  0.00001292922641767  0.00001362333309196  0.00001435828222514  0.00001517156127679
  0.00001601264192876  0.00001685319525748  0.00001783171402090  0.00001881305084862
  0.00001986784368411  0.00002095981860970  0.00002206981941736  0.00002324068695692
  0.00002449653670566  0.00002579621202620  0.00002723103934903  0.00002875853911067
  0.00003033203587635  0.00003199058879687  0.00003373525498601  0.00003561085209266
  0.00003771272326613  0.00004007123549662  0.00004247200140271  0.00004511338305862
  0.00004776537012367  0.00005079023942487  0.00005393899438769  0.00005738393488299
  0.00006104808349804  0.00006497212357059  0.00006920204451467  0.00007368433922831
  0.00007855347421266  0.00008359762857607  0.00008900391887904  0.00009490364515846
  0.00010162376630197  0.00010939170351536  0.00011727589474771  0.00012566230649896
  0.00013391613712327  0.00014218793997442  0.00015258639768544  0.00016338469383164
  0.00017622116943290  0.00019098524765619  0.00020798003074243  0.00022734563505367
  0.00024811789369618  0.00027103870939963  0.00029750968687955  0.00032612759622138
  0.00036788524578860  0.00040563761373908  0.00044983591145120  0.00049916873855516
  0.00058464584960699  0.00072949873217971  0.00093970342998566  0.00125528611921835
  0.00176571307030405  0.00288798805157224  0.00819856088709798  1.00000000000000000
  0.00000242392466791  0.00000268058694538  0.00000292938952409  0.00000314470180640
  0.00000335745122947  0.00000357784250580  0.00000380474980147  0.00000404141998458
  0.00000429076035060  0.00000455536385266  0.00000484122614483  0.00000512949913550
  0.00000543037754305  0.00000572861076422  0.00000604801763043  0.00000638566547628
  0.00000674904373684  0.00000714068003313  0.00000754851223542  0.00000796937103113
  0.00000841146869109  0.00000886141120604  0.00000933739208984  0.00000984508779456
  0.00001037000627690  0.00001090930535285  0.00001146112560195  0.00001201772837807
  0.00001259948915441  0.00001323971474914  0.00001392572935609  0.00001461655242777
  0.00001535041323580  0.00001608165680847  0.00001684059044370  0.00001766477443670
  0.00001850460015604  0.00001939424648409  0.00002037887235688  0.00002141785488709
  0.00002248870832096  0.00002362045800395  0.00002480597988102  0.00002598467247977
  0.00002729336553407  0.00002868621365985  0.00003019175039262  0.00003185968536437
  0.00003368822639923  0.00003562419872928  0.00003771707328934  0.00003986228305864
  0.00004204123918604  0.00004432461519767  0.00004667151425848  0.00004915287118693
  0.00005182056812726  0.00005464097798431  0.00005744534444374  0.00006036721581693
  0.00006335388888974  0.00006651408666588  0.00007028594275361  0.00007413518791404
  0.00007860438074618  0.00008362130315036  0.00008932836347060  0.00009554414287160
  0.00010202283482568  0.00010881266537786  0.00011591869013786  0.00012369497707927
  0.00013221945183091  0.00014170302936438  0.00015153623610115  0.00016148481896694
  0.00017251133150336  0.00018611814698649  0.00020246923617901  0.00021866123247260
  0.00023557466674803  0.00025179456120905  0.00027389355787086  0.00030173341852796
  0.00033886355168491  0.00038219259177321  0.00043902952693555  0.00051014007505264
  0.00059567306844090  0.00070636578154304  0.00085992276744205  0.00105388221295936
  0.00131984307683917  0.00197572266966185  0.02340501888388500  1.00000000000000000
 -0.00231576405771730  0.01013898138596576  0.02027050455950062  0.03045679984914610
  0.04049191646752369  0.05090629497405293  0.06141499650837137  0.07239209604403590
  0.08379144890103106  0.09485600723896530  0.10566260921690955  0.11610429217938883
  0.12658372510901233  0.13708251182840761  0.14738786378758637  0.15797424747325284
  0.16779810588155264  0.17746838572245785  0.18729772836096920  0.19757579074817913
  0.20756062898283392  0.21724532466924001  0.22737477783632715  0.23798147790843185
  0.24882797871834628  0.25990235461706807  0.27115947365474702  0.28252356087007796
  0.29379467809330134  0.30488091458836492  0.31588387473834739  0.32627807797436120
  0.33673647528619505  0.34742954205522680  0.35789231286072598  0.36863078618042033
  0.37978750649317639  0.39134541975039672  0.40159598544239905  0.41157471016221020
  0.42139128882611965  0.43138157884914913  0.44124420455638752  0.45108396978737220
  0.46145802717532475  0.47175331338503024  0.48224686624708690  0.49317217862156104
  0.50495365404749348  0.51686146273469180  0.52801005450082195  0.53914180946456958
  0.55025113075826149  0.56162361391453730  0.57195885929340973  0.58186877345002730
  0.59178530934626161  0.60225394273780875  0.61350622881152439  0.62433943810586090
  0.63535103648057378  0.64607546066846555  0.65628753079824143  0.66635017912552286
  0.67595587394890022  0.68556165627526111  0.69478810564041205  0.70367722381266462
  0.71275720396902364  0.72244089978488724  0.73270458444940278  0.74358479244191067
  0.75458251813205168  0.76566207303400502  0.77663258343835140  0.78768153264638219
  0.79912451749043245  0.81057893565482086  0.82163492028531016  0.83290320799189432
  0.84448445324466781  0.85505087818750536  0.86516567599941530  0.87545033076451362
  0.88679544787460329  0.89788731823062307  0.90831830011399506  0.91834340609182818
  0.92801125888526981  0.93766822466919886  0.94736346418671813  0.95734367474460502
  0.96740192969527639  0.97795665592150494  0.98885120079490352  1.00000000000000000
  0.00001034446445245  0.00004441292269575  0.00007848138093904  0.00013228817972748
  0.00020955666367371  0.00028682514761994  0.00037199956305647  0.00045751682886519
  0.00051258203434675  0.00055465611318973  0.00059810803209794  0.00064215621421271
  0.00068737579918533  0.00073270502218076  0.00077810913931292  0.00082380213554681
  0.00086979293260894  0.00091440285145129  0.00095898521778560  0.00101191321609879
  0.00106598192791178  0.00112366151599477  0.00118245939991534  0.00124293437940791
  0.00130478709069646  0.00136739781448402  0.00142972598090215  0.00149278013612354
  0.00155809547862761  0.00162370737884058  0.00168957950397633  0.00176266349378575
  0.00183644425929200  0.00190857651893582  0.00198397807749565  0.00205990530279259
  0.00213418058945037  0.00221058610020232  0.00228868946343904  0.00236258825950167
  0.00243688827321130  0.00251233356274311  0.00259017139709377  0.00266968805427846
  0.00275832984323777  0.00285159875938548  0.00295038946286746  0.00305211795814905
  0.00315176917120045  0.00325187432074994  0.00335726411491796  0.00346369511071100
  0.00357306654945497  0.00368254281856885  0.00378506768282210  0.00389143259168658
  0.00400891483740915  0.00414661771743842  0.00431295858414167  0.00448700447481833
  0.00465967059125974  0.00484297760572473  0.00506158863097325  0.00524954191923052
  0.00542664455736814  0.00559650983948741  0.00578528415490709  0.00598857533538056
  0.00623437257011484  0.00643406195232183  0.00664564997964130  0.00681746217823522
  0.00702752444178495  0.00728147006650206  0.00773893759032287  0.00795139337647098
  0.00815402340458974  0.00836725800993048  0.00859943362118599  0.00884495005194994
  0.00913041296701090  0.00939287040032253  0.00966133386263016  0.01000638654038806
  0.01090409594123703  0.01145027575436593  0.01195385301619658  0.01250525446002041
  0.01309386596613992  0.01380681070628564  0.01427690360460406  0.01601283348681935
  0.01831669132387770  0.02469010812681621  0.18942257582875746  1.00000000000000000
 -0.00224672494350821  0.00886287610824796  0.01845431713424273  0.02764146426274763
  0.03735384269380779  0.04708930561157891  0.05677630375885634  0.06625247467686608
  0.07545254980017783  0.08471219436854352  0.09404789167255544  0.10339294161191386
  0.11292047157332917  0.12256728382968117  0.13251625397513137  0.14242786633493545
  0.15228828652088414  0.16227760089500454  0.17246800814289315  0.18260640589950269
  0.19281851268089201  0.20347805798797969  0.21455116612511424  0.22583916425845713
  0.23688998208656928  0.24800171690605952  0.25904537716003112  0.27016881835012690
  0.28103011824884633  0.29199901531818861  0.30267429759398801  0.31324033944756918
  0.32375301541786417  0.33431325174966459  0.34514324179299549  0.35644085726297625
  0.36796602953306023  0.37940382935117223  0.39048209108609050  0.40163830918698024
  0.41273991477065014  0.42388246408148161  0.43501482588673368  0.44626683260541106
  0.45766436572555674  0.46952096284684181  0.48141103981497602  0.49280396265150050
  0.50418873676018117  0.51590906078447540  0.52794733380605618  0.54028603148248489
  0.55190785890870075  0.56348619354856078  0.57537141485465537  0.58731246429864103
  0.59827245781412153  0.60920824250554051  0.62097956308388647  0.63350519778735848
  0.64569139697745248  0.65741845173053814  0.66873243101882984  0.67977817849890065
  0.69072353551004495  0.70183843763833631  0.71306766379043862  0.72432030645633072
  0.73519091725443064  0.74583755258386608  0.75640620995961372  0.76714057791757695
  0.77777871059031478  0.78771814224683856  0.79747172810122435  0.80727622056724202
  0.81743220344455181  0.82758973322723350  0.83761259537308386  0.84751979405821676
  0.85750777105249032  0.86748863594364667  0.87768304073550585  0.88784963039934361
  0.89783999371738454  0.90734013050628615  0.91651803898084749  0.92558432754678610
  0.93477579417438095  0.94445990365034171  0.95442528833624540  0.96423414822952336
  0.97379365493723802  0.98269340299536467  0.99152489828772605  1.00000000000000000
  0.07759931372719733  0.11127701785180653  0.13321878627434958  0.14831622165998387
  0.16064769863377545  0.17239979485532628  0.18559529348216811  0.19900671122531779
  0.21097607128435281  0.22126623516937768  0.23094253959773073  0.24109058823198276
  0.25195547738661545  0.26146452090649852  0.27078338908242333  0.27990344032074854
  0.28927395973676301  0.29900671377153831  0.30885446259535093  0.31834033985763083
  0.32718185896252305  0.33608917536252508  0.34532419808626097  0.35462081604155904
  0.36376645346903669  0.37293427293124182  0.38254413806377802  0.39239106640929916
  0.40177507805468388  0.41087372819067186  0.42002541013286887  0.42920994886497016
  0.43826559306135326  0.44709243400480847  0.45583054730803785  0.46465829778091472
  0.47363828218589621  0.48282431506967294  0.49199986836300907  0.50086585300650666
  0.50964109173799077  0.51859223476997307  0.52775814639337704  0.53694970520549246
  0.54578707775532376  0.55440655145316986  0.56311690219761046  0.57190140257141087
  0.58064099959879933  0.58944531060743910  0.59826535745333953  0.60707689609323023
  0.61589837348058729  0.62454163259769646  0.63308848942253504  0.64153246553690413
  0.64991100514004563  0.65825877119047360  0.66653007039403267  0.67484309791291885
  0.68324273534814894  0.69171857811867843  0.70012748015842541  0.70854164418150722
  0.71691618312903715  0.72512113632384578  0.73334256538903431  0.74170928078169229
  0.75015187366631697  0.75856470740681881  0.76690602684601372  0.77521022930339822
  0.78344535974602747  0.79162032149058725  0.79977900650727940  0.80801216819393973
  0.81634571904877395  0.82459333705787996  0.83249003790942222  0.83989288506368254
  0.84696429520551186  0.85411972735708774  0.86171935494694929  0.86956484061537720
  0.87742538735291931  0.88529801233379768  0.89332176920606421  0.90189591713228290
  0.91041357328502237  0.91873770091033813  0.92759360823050918  0.93746753923491621
  0.94924769951126842  0.96252864740172839  0.97883092045073639  1.00000000000000000
 -0.01696270200580162  0.10210224020841507  0.13562152949931316  0.15588027055059026
  0.17251821064082387  0.18657535970914416  0.19993102861103321  0.21235922869108451
  0.22361486582204243  0.23378350780752033  0.24380568971108352  0.25384889694413587
  0.26378565774602347  0.27349325440657912  0.28289063544554310  0.29184531179889028
  0.30022969108884817  0.30815339493064842  0.31563680996036708  0.32283597266862119
  0.32996451421165929  0.33701910276552227  0.34399326796566237  0.35073285460379777
  0.35719066277595457  0.36357861557934207  0.37001055979809416  0.37671459705955523
  0.38366575831724681  0.39053012631142736  0.39722764302721747  0.40392292346791386
  0.41055126861406144  0.41710725971122198  0.42344704710106562  0.42961137411743966
  0.43570918861876773  0.44166407565558696  0.44738201342253864  0.45303626861818702
  0.45869066031098460  0.46430325240491055  0.46981066069910316  0.47552495110647347
  0.48125745667645869  0.48710566589913951  0.49273317061075300  0.49837782676856646
  0.50364372780354849  0.50927148122354116  0.51482834673186539  0.52057678596210877
  0.52651618061684824  0.53247483829458497  0.53831710472688865  0.54414025858178194
  0.55001545901645466  0.55592629670187443  0.56199550325403580  0.56784460280421223
  0.57386033771829781  0.57973437963207652  0.58568338993073110  0.59174127192835457
  0.59781942189812975  0.60391971065197325  0.61005012462302810  0.61616191129330145
  0.62230388719293150  0.62859521459293777  0.63498185254169848  0.64135649537732120
  0.64793423522462679  0.65478503772927610  0.66214108673431904  0.66934955621359216
  0.67675623053558176  0.68418572128623034  0.69172737772008697  0.69948214615118043
  0.70748824094632090  0.71605945803219895  0.72501897909265423  0.73407468550480282
  0.74338251142612344  0.75300416723437436  0.76314298853714368  0.77391542367636534
  0.78566146278698745  0.79832681591315602  0.81236242350084387  0.82799314048253270
  0.84567492531040989  0.86699072442061809  0.90184618627030866  1.00000000000000000
   3.5300975090312207E-003  -1.0000000000000000     
 F F F F F F F F F F F F F F F F F F F F F F F F F F F F F F F F F F F F F F F F F F F F F F F F F F F F F F F F F F F F F F F F F F F F F F F F F F F F F F F F F F F F F F F F F F F F F F F F
  <DiscreteSampler_grid>
  grouped_processes
  1 # 1 for a reference and 2 for a running grid.
  10 # Attribute 'min_bin_probing_points' of the grid.
  1 # Attribute 'grid_mode' of the grid. 1=='default',2=='initialization'
  0.0000000000000000 # Attribute 'small_contrib_threshold' of the grid.
  0.5000000000000000 # Attribute 'damping_power' of the grid.
 # binID   n_entries weight   weight_sqr   abs_weight
    10   10   1.649247848949876E+005   1.596589171769594E+011   1.649247848949876E+005
    16   10   1.649247848949876E+005   1.596589171769594E+011   1.649247848949876E+005
  </DiscreteSampler_grid>
