  0.00004450902999375  0.00004646630960055  0.00004906042629204  0.00005183941744437
  0.00005494271226071  0.00005818994871980  0.00006156607639646  0.00006511665807282
  0.00006863068904754  0.00007212711412452  0.00007579223598559  0.00007970421752177
  0.00008370426319711  0.00008751977444660  0.00009127268999203  0.00009509065110655
  0.00009881825067100  0.00010277418443895  0.00010667778155901  0.00011070019025770
  0.00011483854312916  0.00011893644027338  0.00012276013908528  0.00012669121881789
  0.00013071040831170  0.00013494562601400  0.00013940186421616  0.00014417273360506
  0.00014920975946171  0.00015409325339752  0.00015897857765224  0.00016399944467646
  0.00016925835659594  0.00017475612175100  0.00018079369168036  0.00018707096548235
  0.00019357517031864  0.00020020614052707  0.00020675981417032  0.00021324936254409
  0.00021959170737508  0.00022600681686689  0.00023269169519339  0.00023972327651939
  0.00024687363803182  0.00025400416750292  0.00026136401716113  0.00026857661499511
  0.00027559965855681  0.00028287176166047  0.00029202472988198  0.00030205021271848
  0.00031233421163846  0.00032367762318091  0.00033582496121873  0.00034751706161808
  0.00035884128222299  0.00037145171864113  0.00038564965836472  0.00040081543758818
  0.00041605871516000  0.00043232976534196  0.00044812637954252  0.00046559788106526
  0.00048428557386293  0.00050370824178355  0.00052500732419490  0.00054930942222462
  0.00057979365348957  0.00061062902171617  0.00064102211974776  0.00067169150159935
  0.00070168684121845  0.00073027079244712  0.00076048907586981  0.00079201960506595
  0.00082555641472337  0.00086552118330476  0.00091236765675184  0.00097183107732519
  0.00103834833441949  0.00110142636359966  0.00116546389383272  0.00124082669975084
  0.00133325507788416  0.00144058621796599  0.00156213007462231  0.00168398858952099
  0.00180424279357815  0.00193579865168772  0.00208386551965896  0.00232254796676873
  0.00265281926721015  0.00357667026077781  0.02221959610748001  1.00000000000000000
  0.00000258482649293  0.00000274096415687  0.00000301296683660  0.00000329024285555
  0.00000358974554221  0.00000395192231469  0.00000437322325278  0.00000480688227480
  0.00000524202950664  0.00000570121014152  0.00000621911775717  0.00000678465162863
  0.00000736499228265  0.00000798977088949  0.00000868000581821  0.00000941246885676
  0.00001020414019538  0.00001105218206422  0.00001197572675625  0.00001298372821304
  0.00001403962255102  0.00001518940080456  0.00001642181100512  0.00001773659904501
  0.00001909304590473  0.00002045869117114  0.00002188953136710  0.00002346120247982
  0.00002521299480371  0.00002710386281343  0.00002908711497005  0.00003133355858590
  0.00003372661053184  0.00003634630637303  0.00003923637849426  0.00004247027159682
  0.00004599139645864  0.00004978639552179  0.00005367122906307  0.00005791729821429
  0.00006250230616624  0.00006750963433833  0.00007286169921583  0.00007816293939894
  0.00008355831120696  0.00008887428343449  0.00009423490274575  0.00009984970692721
  0.00010620457777096  0.00011333909840458  0.00012033638782586  0.00012762695514216
  0.00013503366678353  0.00014265506897297  0.00015037873444239  0.00015832694335824
  0.00016687053650838  0.00017560714254848  0.00018503092920144  0.00019570238761012
  0.00020666590109753  0.00021747024204169  0.00022850575450441  0.00024063733540294
  0.00025503636904549  0.00027107045989379  0.00028725856620780  0.00030397329021419
  0.00032208871359684  0.00034218007376365  0.00036234841984214  0.00038369347599550
  0.00040752051157353  0.00043083525312638  0.00045281066608452  0.00047491486035293
  0.00049845862685509  0.00052486081621186  0.00055844189371575  0.00060495713921262
  0.00067022691248123  0.00075313437020142  0.00083595218619102  0.00092517551286978
  0.00102163158072432  0.00114827956490935  0.00129668216006302  0.00150027665837014
  0.00167156122738534  0.00182629315988356  0.00198897595681384  0.00214327224653741
  0.00240090424234614  0.00302181137938136  0.22671447834663547  1.00000000000000000
 -0.00064847737871430  0.00588521089468639  0.01158801158744358  0.01738160831497361
  0.02305572770104362  0.02899478284943171  0.03504505979413422  0.04119266336619762
  0.04760537926223354  0.05380296931908367  0.05971902554300250  0.06545725990306731
  0.07118706874011364  0.07683142432340322  0.08262994579518337  0.08860493119416250
  0.09457183837221311  0.10037203021437879  0.10591499724641883  0.11120950039341777
  0.11645919783959723  0.12186501896784745  0.12748579788372802  0.13343640976371263
  0.13927322089120941  0.14520445144876842  0.15111513530068779  0.15701071671460673
  0.16305298779919369  0.16933747523663750  0.17595153743703512  0.18294379661429613
  0.19012366513369203  0.19736906152136097  0.20449039669371077  0.21172392511756233
  0.21881807945312998  0.22594587044010839  0.23309893029768963  0.24037672793951304
  0.24769670310269168  0.25492614331935715  0.26209186372383703  0.26933276335389328
  0.27691711450413753  0.28451031415632227  0.29215315248912094  0.29994700305506033
  0.30811125186729926  0.31627368648023002  0.32442916261773580  0.33262397369786556
  0.34125158223342378  0.35010543523513149  0.35934295570118269  0.36870976652745913
  0.37806649348136906  0.38737675013149897  0.39692365554532111  0.40663994202369641
  0.41629935644240279  0.42588931045155859  0.43510930444243090  0.44429438584460618
  0.45365051239915272  0.46342556322678907  0.47453782531098920  0.48710231955496230
  0.50132478503882349  0.51535265448849876  0.52868298777433764  0.54094448057536104
  0.55221736708589597  0.56348287583244927  0.57575181674021358  0.58891485635633412
  0.60180708324999099  0.61583198083042012  0.63079162862401006  0.64624006055039684
  0.66203769422006442  0.67780133407055820  0.69393371615823785  0.71008954351998488
  0.72602812568152697  0.74253788404998677  0.75979670126270360  0.77944034578818699
  0.79943984383328215  0.82059101587464311  0.84304161146295475  0.86505468708595934
  0.89244497822599800  0.92638700211572012  0.96304692416536808  1.00000000000000000
 -0.00226324795554077  0.00933120884357023  0.01829787745949976  0.02801223064881353
  0.03735016655516969  0.04695863351425961  0.05736355134582155  0.06819744842843506
  0.08001042053881496  0.09132765721633523  0.10247187014680793  0.11356202109734052
  0.12369361169267065  0.13329240208619997  0.14294766105933118  0.15321323741163120
  0.16373722132228891  0.17393400790524643  0.18402088758147281  0.19428340199336230
  0.20496335969435381  0.21582716583108252  0.22692354069951190  0.23764906322002560
  0.24914205449943741  0.25988627894717276  0.27081601414828771  0.28104227991533437
  0.29139209289379187  0.30210510451231254  0.31270842507521873  0.32372225463048443
  0.33460118342824413  0.34534376063953942  0.35571296204845060  0.36592106282170789
  0.37614823042064482  0.38674228544467754  0.39797233738435928  0.40940424340289039
  0.42004968305382484  0.43036448708951419  0.44075151870725043  0.45117722037650382
  0.46201129575351124  0.47290716282263223  0.48333767854834586  0.49395349850559633
  0.50478382416140954  0.51584384698860897  0.52643901444815888  0.53687654487236347
  0.54724159798239635  0.55699478632044330  0.56665070030255904  0.57660639427931093
  0.58784573346031910  0.59976949985857220  0.61184222118396148  0.62354937577136771
  0.63536298129147595  0.64615144387253032  0.65605310331369038  0.66565889806393519
  0.67550890851617806  0.68576762711101413  0.69598110372597044  0.70639048683351524
  0.71695042499216133  0.72716518234270644  0.73654783793433076  0.74571059286064856
  0.75584892434283524  0.76674235284028747  0.77767339197940533  0.78790979400594996
  0.79870952973041220  0.81087922109065513  0.82299498376483360  0.83441737212773182
  0.84459690265551846  0.85429990028652514  0.86397158372139193  0.87376059895138658
  0.88348892207248664  0.89311907050496664  0.90346857376470724  0.91382220757483024
  0.92502666407999723  0.93548702501981629  0.94603795274303437  0.95644616906640045
  0.96695835520793982  0.97773904181929594  0.98859329314894540  1.00000000000000000
 -0.00216853151739389  0.01007900544761015  0.02020548435665787  0.02954776964313291
  0.03853880942995949  0.04795650184597015  0.05793617354061147  0.06777180319487650
  0.07795105551355236  0.08882450726429249  0.09970127103189599  0.11014076929539632
  0.12045625874580371  0.13121332872552130  0.14205978317369308  0.15283500243271564
  0.16354139301131412  0.17427178547938685  0.18516334674749149  0.19642847001201424
  0.20816923480522542  0.22002069849547823  0.23151721013061802  0.24229031130501941
  0.25253632800630443  0.26242190726777265  0.27238074100986387  0.28256972734715879
  0.29339640080957685  0.30480295744577285  0.31660719867850573  0.32873251384240798
  0.34013382215792115  0.35105433358488464  0.36169277758431995  0.37241570520435785
  0.38327769812185936  0.39464886880536459  0.40629105217006528  0.41745232342683175
  0.42746950667755879  0.43725096024368409  0.44762511783525127  0.45860689234366891
  0.46943277808580508  0.47992569917774525  0.49065320850101318  0.50144243982291470
  0.51188264754921642  0.52237909949668515  0.53294814633290921  0.54336169219492847
  0.55358337719632267  0.56380312647522290  0.57438898485135015  0.58526934098959826
  0.59542381898791108  0.60441271913930583  0.61298070368135749  0.62173395554072364
  0.63095787767131062  0.64053033862424646  0.65025460370005495  0.66013601065879512
  0.67016354186947058  0.68057847758937184  0.69140050123675800  0.70237445811300003
  0.71312189718171826  0.72318406229200294  0.73311140557813270  0.74298600874209908
  0.75332881821719577  0.76370964435079480  0.77569236699549948  0.78837105772582583
  0.80154442916983348  0.81301783746982947  0.82362357488317828  0.83375432534794580
  0.84355059003540689  0.85290588228949527  0.86167352908870898  0.87099516770395180
  0.88117802993081551  0.89259381247950798  0.90403962447679831  0.91546448821795467
  0.92693091748611656  0.93791986036618102  0.94849505624477759  0.95898296508377789
  0.96928590124131098  0.97939662821122331  0.98952590566297771  1.00000000000000000
  0.10410858258362315  0.13669796286153488  0.17573840181130812  0.20828122511769889
  0.24004965743934970  0.26722870106037133  0.29118269985696327  0.31297542815921453
  0.33312028424577572  0.35196019191535899  0.36915790489334910  0.38537022256280007
  0.40120822151213487  0.41577903517742221  0.42971956399375061  0.44297198456944742
  0.45714939889121536  0.47247458208298915  0.48784860136864316  0.50121910921374924
  0.51379281906429941  0.52648178524785627  0.53920167641628125  0.55001395642900441
  0.55936349536758134  0.56852756431561347  0.57733530326778881  0.58625173437752931
  0.59484767188756316  0.60407800332949313  0.61369816603918381  0.62288624819234406
  0.63168032618014713  0.64024634710398431  0.64883777389172936  0.65713672228363418
  0.66495851977435483  0.67234268008523357  0.67946495878570123  0.68693769276421113
  0.69448557316029036  0.70218468610204143  0.70980548880243788  0.71690497781107676
  0.72370324423395860  0.73034554024481502  0.73673995203031495  0.74316305991301868
  0.74938311944068303  0.75535847984848903  0.76109702944479807  0.76656671738064486
  0.77190960927828256  0.77712717231062167  0.78219710339124837  0.78739914921499643
  0.79255403431312788  0.79796006141862619  0.80342384637747821  0.80876906820199201
  0.81402983157449393  0.81942484306589070  0.82481190920648495  0.83026056840957829
  0.83551610494945605  0.84058656060740988  0.84556386246109205  0.85049967787498948
  0.85542499143537865  0.86039807422470505  0.86547582334279438  0.87031129744947755
  0.87515306703852636  0.87979231104390954  0.88429915865462072  0.88886724002441186
  0.89344660282763810  0.89808641052321481  0.90278149989053180  0.90754779983569689
  0.91232677261928685  0.91701147975469310  0.92170889957857505  0.92649262622661510
  0.93132319774812844  0.93616571695171791  0.94103465734155989  0.94586637126803086
  0.95077819022503518  0.95562804343317409  0.96076337059682182  0.96660075449280436
  0.97265039990004332  0.97983698649285456  0.98893878396550594  1.00000000000000000
 -0.01574013859892377  0.09943047256409301  0.13361170476680731  0.15505600695063487
  0.17246606639622408  0.18701522377132546  0.19993520903366949  0.21221828479053323
  0.22434538743265492  0.23545310804531025  0.24582319698428615  0.25509829370960851
  0.26407365122824511  0.27255619125300784  0.28091688450557500  0.28891358194475869
  0.29676193996522693  0.30424228401007053  0.31176807576344179  0.31907381264700119
  0.32640224418556085  0.33372457234796749  0.34085996121007528  0.34785404117462893
  0.35480488914089642  0.36139159823111539  0.36773735559559839  0.37377160728200864
  0.37984223992996002  0.38611841895595561  0.39271490254178471  0.39913378913951914
  0.40491031077019257  0.41052969418192253  0.41609581414306374  0.42208261593724045
  0.42803802479524272  0.43380542631428376  0.43955710858072705  0.44566402658459570
  0.45190884799578401  0.45781377894913888  0.46367191224948673  0.46919200747452261
  0.47490901839381150  0.48101577141742569  0.48734095239280267  0.49348158123009622
  0.49944699499279360  0.50529628073644739  0.51120019113454318  0.51734240187486802
  0.52360823636000653  0.52977734845645985  0.53576798600546982  0.54163127549190415
  0.54745880790081769  0.55325756408802551  0.55896389051932394  0.56465608358068864
  0.57068351993349653  0.57645095080044484  0.58258181939179210  0.58870817946978327
  0.59489987637690767  0.60119513042665973  0.60739007426833380  0.61363833003001134
  0.61988959696582913  0.62585702461421611  0.63163594241638121  0.63738587648573264
  0.64352838203309992  0.64985216273251267  0.65642678074691529  0.66326223560918307
  0.67053779326742535  0.67813839915677498  0.68563416020560719  0.69328331895025985
  0.70133438207211218  0.70959883100847942  0.71855825531757245  0.72760089514003534
  0.73695196857491430  0.74634298918271802  0.75649996024654131  0.76738326546982660
  0.77936538500653674  0.79167834042938534  0.80478846383006053  0.81952597980913544
  0.83752989224498320  0.85963649338396264  0.89601449539308176  1.00000000000000000
   1.8702974451206494E-004  -1.0000000000000000     
 F F F F F F F F F F F F F F F F F F F F F F F F F F F F F F F F F F F F F F F F F F F F F F F F F F F F F F F F F F F F F F F F F F F F F F F F F F F F F F F F F F F F F F F F F F F F F F F F
  <DiscreteSampler_grid>
  grouped_processes
  1 # 1 for a reference and 2 for a running grid.
  10 # Attribute 'min_bin_probing_points' of the grid.
  1 # Attribute 'grid_mode' of the grid. 1=='default',2=='initialization'
  0.0000000000000000 # Attribute 'small_contrib_threshold' of the grid.
  0.5000000000000000 # Attribute 'damping_power' of the grid.
 # binID   n_entries weight   weight_sqr   abs_weight
    10   10   3.826185210123420E+003   4.242608864488293E+007   3.826185210123420E+003
    16   10   3.826185210123423E+003   4.242608864488296E+007   3.826185210123423E+003
  </DiscreteSampler_grid>
