  0.00000285597374732  0.00000301703502298  0.00000311888627281  0.00000318053540628
  0.00000326581742570  0.00000336084182858  0.00000346579609366  0.00000357903689905
  0.00000368354652824  0.00000379638337238  0.00000392208255943  0.00000406636094489
  0.00000422330041417  0.00000439912104846  0.00000459620381850  0.00000479079185279
  0.00000498373545299  0.00000520442494553  0.00000545137672569  0.00000570420010465
  0.00000599351749811  0.00000630575734393  0.00000663924399079  0.00000700124002325
  0.00000741915310499  0.00000782298921279  0.00000828536278435  0.00000874777928908
  0.00000924021882316  0.00000976522294152  0.00001031298725320  0.00001089127299587
  0.00001150926275883  0.00001216392374718  0.00001287523818559  0.00001362678296834
  0.00001439770521136  0.00001520899135012  0.00001605183636130  0.00001694070684351
  0.00001795039752691  0.00001899971398193  0.00002014302997293  0.00002135479155675
  0.00002263778797318  0.00002403594497657  0.00002553141795568  0.00002706450526461
  0.00002866066622683  0.00003023373144932  0.00003201571143428  0.00003389254447372
  0.00003590836931292  0.00003810524778851  0.00004045051469227  0.00004303484887856
  0.00004587675360495  0.00004889165791067  0.00005212516562243  0.00005539208502521
  0.00005890898390988  0.00006272539480602  0.00006696998504571  0.00007159638259174
  0.00007661132755237  0.00008210615414848  0.00008814117711453  0.00009476672750519
  0.00010191472698578  0.00010972375124323  0.00011816239725274  0.00012747094290267
  0.00013761512848735  0.00014860678609335  0.00016035058814202  0.00017355522714208
  0.00018861724764570  0.00020620091326599  0.00022600810800983  0.00025038808177453
  0.00028234326619711  0.00031854122499668  0.00035741622250224  0.00039479592196770
  0.00043742464725102  0.00048852602674492  0.00054284399141267  0.00060246368491888
  0.00066665389853149  0.00073764772257438  0.00086435959382495  0.00104074687508651
  0.00132164853936397  0.00178606534931286  0.03013939060928817  1.00000000000000000
  0.00000246237374850  0.00000263827956779  0.00000285618049779  0.00000306451418802
  0.00000327041244468  0.00000348334342047  0.00000370081017343  0.00000392482964655
  0.00000415418113009  0.00000439071644626  0.00000463837370327  0.00000488840667423
  0.00000515307096355  0.00000544122678221  0.00000573949108592  0.00000605592970117
  0.00000638915142844  0.00000672645480615  0.00000708811807355  0.00000746524849341
  0.00000786188060511  0.00000831839017274  0.00000879152345390  0.00000929758334815
  0.00000981861483581  0.00001034755722030  0.00001089623602298  0.00001147305725265
  0.00001207900956200  0.00001272674411997  0.00001340569430639  0.00001409315990193
  0.00001481077247529  0.00001557038273993  0.00001633831351632  0.00001715787528434
  0.00001803283205688  0.00001892545509779  0.00001987758568307  0.00002091860913622
  0.00002200877673447  0.00002317471184662  0.00002438417702963  0.00002559904079262
  0.00002685303013422  0.00002819223120690  0.00002958875216681  0.00003108542702432
  0.00003268577874968  0.00003426785852122  0.00003597874166042  0.00003781451788499
  0.00003972140846846  0.00004176592320101  0.00004397874157385  0.00004636566877554
  0.00004896840669841  0.00005174422753272  0.00005454377853870  0.00005761844305097
  0.00006091227599162  0.00006445559585047  0.00006821965004099  0.00007223176738698
  0.00007646459555124  0.00008100938757968  0.00008590111805242  0.00009125339500509
  0.00009689680750275  0.00010264644305634  0.00010852945564326  0.00011446906967471
  0.00012077363790436  0.00012785545417681  0.00013582287014139  0.00014511405766452
  0.00015564142776281  0.00016767637264834  0.00018201643821371  0.00019727682542705
  0.00021421618292885  0.00023396359990471  0.00025664722405867  0.00028165436366471
  0.00031239248078511  0.00035655897998713  0.00041366376773833  0.00048002411604969
  0.00056602085282795  0.00067295498321784  0.00079744687932933  0.00104065548763524
  0.00140033459074600  0.00178230145199070  0.04110300066265924  1.00000000000000000
 -0.00183891896097969  0.00911119177860649  0.01867247251110038  0.02894314287919809
  0.03935776667467854  0.04987319246988407  0.06066414600750955  0.07146447571169406
  0.08256829927357379  0.09366430965908205  0.10463939902508172  0.11569902343129493
  0.12678531168096502  0.13803038940578991  0.14906883158944256  0.15994384524083280
  0.17086803685404456  0.18184758036905213  0.19290253306153266  0.20347996495481338
  0.21386994799971082  0.22417447243554647  0.23475337206467117  0.24521538717621280
  0.25558049675290057  0.26600478187295112  0.27659108691479822  0.28707409069064144
  0.29789158271784644  0.30874556873227910  0.31967927799276585  0.33021024054865800
  0.34065475498070180  0.35107587659615558  0.36162629430068960  0.37217516817565344
  0.38269714762009943  0.39305519449072274  0.40318055911605766  0.41348228406719129
  0.42350003385648732  0.43324172930812554  0.44303690203934937  0.45306417664626619
  0.46317605119004840  0.47303474027949943  0.48301702356577353  0.49333017646365851
  0.50370449143479079  0.51403484062833926  0.52441070951733282  0.53454019121335716
  0.54481530176263016  0.55478296148067641  0.56514602326416907  0.57549066704799656
  0.58598934725384366  0.59670239230547228  0.60762299310973589  0.61853239466070298
  0.62927393167380863  0.64025288962221860  0.65128081400578175  0.66243833304320909
  0.67273488278391025  0.68298983724519935  0.69290904620348803  0.70327294273744323
  0.71392461479305991  0.72463312630623222  0.73518499822455130  0.74591862219277671
  0.75686089415708380  0.76803252666895405  0.77877188595888702  0.78913949537583128
  0.79946582537152422  0.80961590991969545  0.81983022676978112  0.83021590775764642
  0.84120300146624771  0.85232580238255795  0.86384277478468130  0.87499110338628938
  0.88631595158626642  0.89720632948137935  0.90822307079599929  0.91909992271335861
  0.92931751968724863  0.93957049658087344  0.94946639149257150  0.95950479677342015
  0.96911357881768467  0.97899340053860640  0.98932285506294004  1.00000000000000000
  0.00000702748473211  0.00006187003187044  0.00011671257900877  0.00018298175241914
  0.00026499323776691  0.00034700472311469  0.00042476427028854  0.00050221017280610
  0.00055443615471440  0.00059686399360589  0.00064339360604755  0.00069126759755944
  0.00073938375666835  0.00078804269449103  0.00083812358995277  0.00088878621296683
  0.00093982059544896  0.00099610932626575  0.00105688562445822  0.00112616849902190
  0.00119298642716021  0.00125849473384408  0.00132133579948323  0.00138377915522531
  0.00144429524399341  0.00150532192725230  0.00157305650230865  0.00164159329431367
  0.00171340389892425  0.00178440029994093  0.00185429830389899  0.00192315562204841
  0.00199133670299065  0.00206561781411666  0.00214211169598216  0.00222463251164643
  0.00230937770899090  0.00239997022947487  0.00249177985599605  0.00258480910294065
  0.00268768233430552  0.00278893371028700  0.00288879199261012  0.00298711247952354
  0.00308267079506726  0.00317401645751845  0.00326948976533535  0.00336703030854144
  0.00346717168188256  0.00356889559347427  0.00367124414834744  0.00377150953620447
  0.00387659489756801  0.00398266932519461  0.00408731439440812  0.00419402247233684
  0.00430503914501369  0.00442244050858205  0.00455101850057033  0.00469486562180879
  0.00483267542924918  0.00498647958162365  0.00515342684903301  0.00531621313777944
  0.00549275489795970  0.00567532747283265  0.00587624990606558  0.00607605739691756
  0.00625948425803619  0.00645790551748353  0.00666362351528496  0.00701030691066201
  0.00725826861693302  0.00749216508096421  0.00770822184975156  0.00796680295342399
  0.00829277577876702  0.00868653148164864  0.00900225365475817  0.00932239990781921
  0.01000179153867327  0.01033812391632720  0.01064342078356972  0.01093275150442167
  0.01125330514674946  0.01215710398058328  0.01260524236717976  0.01311049068369610
  0.01641297643072369  0.01702085687019449  0.02076111179420557  0.02529538428353580
  0.02698546532467410  0.02859834953391806  0.05616823661968249  1.00000000000000000
 -0.00211259723011808  0.00733932416910872  0.01535185902181858  0.02345006532152660
  0.03178326682765798  0.04046270195249726  0.04978858854445065  0.05960221554245367
  0.06941757770408151  0.07918423977099251  0.08882721323322332  0.09834022531006445
  0.10782008205022016  0.11740376778357671  0.12685750354453390  0.13624040101730456
  0.14562768856864186  0.15528136949805807  0.16488282659367429  0.17448099044384094
  0.18424271976876480  0.19456186174182952  0.20543216074600945  0.21654694145965225
  0.22783181053704860  0.23899204107848460  0.24979612373783674  0.25994938747209589
  0.26991156152668044  0.27949031833461302  0.28953483219187037  0.29935502811230369
  0.31030597238020130  0.32160385851074941  0.33337923543770470  0.34478951368573330
  0.35602117477241185  0.36766120738833663  0.37935040959763855  0.39124490812125234
  0.40307863832182339  0.41494149971300875  0.42661994526476532  0.43870302352883467
  0.45104936694813325  0.46377643740027291  0.47644667586757206  0.48843762832219051
  0.49960338271632704  0.51043124617129454  0.52145065006025970  0.53279168312740555
  0.54431864158214516  0.55603925113238140  0.56803658920548838  0.58004003735197696
  0.59183713196619847  0.60328858040338096  0.61455663809731109  0.62611064587887033
  0.63808887400005376  0.64972086945445284  0.66083058852977872  0.67195123870325579
  0.68350506815079715  0.69502305975892464  0.70622682711419671  0.71723550888053156
  0.72807044885231798  0.73859843283453042  0.74887210797219383  0.75939181342880713
  0.77008707619490435  0.78084957850371017  0.79119845220242779  0.80140466526115983
  0.81157512869105342  0.82148835956582600  0.83122813548028018  0.84106918580160694
  0.85125725353342607  0.86177631363736396  0.87216913613346281  0.88227980546928098
  0.89200641279701109  0.90145062331885994  0.91084216510326788  0.92039003690006560
  0.93025409523710567  0.94036210925177222  0.95062565028397017  0.96100601384260620
  0.97146251813615392  0.98140964931079755  0.99098331120346339  1.00000000000000000
  0.12398335409296016  0.13778380818024200  0.15055322025465334  0.16316551487974529
  0.17404255598117652  0.18335335322558885  0.19262047219378964  0.20232348289517829
  0.21206220026430098  0.22112482044238396  0.22992941326894001  0.24042912914776199
  0.25100169901316111  0.26158621068201487  0.27142446234602485  0.28058015388737201
  0.28938676264534352  0.29888329784633805  0.30803196874203603  0.31727790344563001
  0.32622346326967566  0.33515479305193729  0.34401882498911140  0.35318766302633275
  0.36267643917755144  0.37271414442203410  0.38261517910769616  0.39231531167645789
  0.40202495033952657  0.41137399394771756  0.42028420469126998  0.42901654008566070
  0.43774407917893954  0.44663878358218922  0.45557302563269597  0.46463651562188285
  0.47357790307539288  0.48244324883810802  0.49147619483763272  0.50059158895382483
  0.50952407247467035  0.51821523907361877  0.52676701536500981  0.53531257184804160
  0.54383990099363100  0.55237757006336008  0.56087477262248786  0.56945027170113005
  0.57803701320401313  0.58655455096869502  0.59501855818905280  0.60349722471616618
  0.61206834880004335  0.62061976540850061  0.62914995585557731  0.63767521187693810
  0.64618259819399304  0.65462064445283552  0.66314479074973065  0.67173847111847185
  0.68021736122782650  0.68861452433653203  0.69690554651014980  0.70531340051089653
  0.71375055558791600  0.72244799061929721  0.73112835108367302  0.74004678983240080
  0.74887370351122606  0.75760688216721939  0.76618301046103410  0.77479240219444623
  0.78326547376190947  0.79184387417953106  0.80051402444321573  0.80916557544415180
  0.81769345232445179  0.82608972495866850  0.83423053809953907  0.84197637906067646
  0.84960648085635049  0.85723817925026335  0.86465630993289588  0.87225497944346442
  0.87978638202467674  0.88765138386570830  0.89572539360491288  0.90400573020531305
  0.91227790458269997  0.92071252184003849  0.92952419782946627  0.93901652571548189
  0.94952868547443692  0.96184155615171552  0.97815606293369306  1.00000000000000000
 -0.01631490648304264  0.10021892904828841  0.13481470456095465  0.15622328097652716
  0.17376928115757465  0.18870693455157028  0.20221075629661753  0.21478159058047150
  0.22662772543791609  0.23752181478338136  0.24769102165002219  0.25742482247340071
  0.26708843963425044  0.27641938335013722  0.28541074889139223  0.29420516418703291
  0.30271454516433294  0.31094918806262289  0.31880744804997302  0.32650487254402905
  0.33403146801346506  0.34141404891049021  0.34870805627709756  0.35600736819485351
  0.36320698888562325  0.37018236669869176  0.37685455517704408  0.38314416500068155
  0.38946001926828416  0.39592373093805855  0.40229786356697605  0.40866861950648026
  0.41485723976544003  0.42094553200018531  0.42702159035548898  0.43282412572802870
  0.43849975883747666  0.44410379717949078  0.44981462561543278  0.45578539420360764
  0.46189119234018350  0.46790144474269296  0.47368744548013569  0.47937713203909310
  0.48485657774424668  0.49049775844191990  0.49627455163485901  0.50197375617612783
  0.50758011858224250  0.51300557913418288  0.51832284970354869  0.52356313257086984
  0.52890280603141071  0.53433813206974345  0.53985761831792989  0.54547368252704420
  0.55113937791122602  0.55696589716140799  0.56292918742656062  0.56916072858119648
  0.57540271289197664  0.58116205844568825  0.58688903386006108  0.59260864735682039
  0.59846889961528960  0.60474199351216784  0.61132927674177828  0.61789166484665758
  0.62434306742700141  0.63082412049716519  0.63738595739271264  0.64412213042982069
  0.65102702122665645  0.65802458714697953  0.66475551738591476  0.67179849417863291
  0.67907627010546456  0.68673782065736699  0.69469369788514757  0.70274493165812590
  0.71069243419052208  0.71869174127954527  0.72693713358338519  0.73591054777854625
  0.74523723623101112  0.75486668031098147  0.76488927956479813  0.77528950401205665
  0.78634317355905881  0.79843293871412879  0.81205448149786719  0.82708484514738301
  0.84455007393230930  0.86586549213016517  0.90062302314652232  1.00000000000000000
   1.9160319798849838E-003  -1.0000000000000000     
 F F F F F F F F F F F F F F F F F F F F F F F F F F F F F F F F F F F F F F F F F F F F F F F F F F F F F F F F F F F F F F F F F F F F F F F F F F F F F F F F F F F F F F F F F F F F F F F F
  <DiscreteSampler_grid>
  grouped_processes
  1 # 1 for a reference and 2 for a running grid.
  10 # Attribute 'min_bin_probing_points' of the grid.
  1 # Attribute 'grid_mode' of the grid. 1=='default',2=='initialization'
  0.0000000000000000 # Attribute 'small_contrib_threshold' of the grid.
  0.5000000000000000 # Attribute 'damping_power' of the grid.
 # binID   n_entries weight   weight_sqr   abs_weight
    10   10   3.454234592696869E+005   3.782805820504319E+011   3.454234592696869E+005
    16   10   3.454234592696868E+005   3.782805820504316E+011   3.454234592696868E+005
  </DiscreteSampler_grid>
