  0.00000285164150377  0.00000305997974128  0.00000315029739150  0.00000324793122162
  0.00000335851891777  0.00000348861189513  0.00000362312485259  0.00000374885866463
  0.00000387953117307  0.00000401195105124  0.00000414713311404  0.00000429325025496
  0.00000446150641488  0.00000465563223873  0.00000487022240111  0.00000509444088014
  0.00000533432747921  0.00000558512083678  0.00000584176434506  0.00000613293065683
  0.00000643340258849  0.00000675233469778  0.00000710363263946  0.00000747800108698
  0.00000787180051747  0.00000829001465935  0.00000873270407855  0.00000917151841161
  0.00000966191922326  0.00001015005019143  0.00001067126779690  0.00001122879035848
  0.00001181616016170  0.00001243976449509  0.00001313203493606  0.00001385131281334
  0.00001461814813979  0.00001543591367088  0.00001627598724975  0.00001715945507921
  0.00001810668808765  0.00001909090041492  0.00002012601215688  0.00002122966679656
  0.00002236669059951  0.00002361359353061  0.00002497828657846  0.00002637334872234
  0.00002792850927785  0.00002950231913442  0.00003115327795384  0.00003292088572528
  0.00003482102334498  0.00003689302444594  0.00003912215911927  0.00004133873968999
  0.00004379315417741  0.00004633321736282  0.00004912044462841  0.00005223299004441
  0.00005530052140570  0.00005875646255187  0.00006224903506756  0.00006580558844317
  0.00006975098374784  0.00007371045249099  0.00007869891124605  0.00008395324203535
  0.00008937156960341  0.00009524634893949  0.00010160246265686  0.00010941423624125
  0.00011760849332756  0.00012615133427138  0.00013495103188299  0.00014562303308105
  0.00015804504744724  0.00017210602569486  0.00018771340679360  0.00020522202329108
  0.00022532895457483  0.00024839636157565  0.00027361219197517  0.00029794885434635
  0.00032769321392034  0.00036244067020678  0.00040236982125055  0.00045204689404761
  0.00051692405711186  0.00061436679237650  0.00077469901545121  0.00100682658250513
  0.00142570519879074  0.00209473246651533  0.01639888165952199  1.00000000000000000
  0.00000250226507907  0.00000266664867614  0.00000287473563284  0.00000308586731173
  0.00000328926851170  0.00000348743310003  0.00000368435641228  0.00000389331814141
  0.00000412177810555  0.00000437452336556  0.00000465345135840  0.00000494709889566
  0.00000525620958900  0.00000559232910079  0.00000593111400967  0.00000628641834806
  0.00000664189560624  0.00000702597383813  0.00000742077257528  0.00000782501517844
  0.00000825856428227  0.00000870893752932  0.00000918646059358  0.00000970037534354
  0.00001020137835582  0.00001071936765451  0.00001127215382089  0.00001185333895989
  0.00001247166250634  0.00001313062619433  0.00001380290424688  0.00001450472180704
  0.00001525628760082  0.00001603226176148  0.00001682837599589  0.00001767286332526
  0.00001854875469798  0.00001942847127054  0.00002042058066410  0.00002146928401007
  0.00002255176311187  0.00002375049187406  0.00002498379573836  0.00002623420011660
  0.00002751078162124  0.00002883739173078  0.00003021844859800  0.00003166889502809
  0.00003320020036868  0.00003479137524621  0.00003651700413535  0.00003843228641538
  0.00004048841558514  0.00004272375168530  0.00004501457365224  0.00004739620397417
  0.00004999211716826  0.00005285567736970  0.00005584638275502  0.00005923767373206
  0.00006268562188052  0.00006629372759847  0.00007017213823736  0.00007424902604439
  0.00007849146395064  0.00008287222005603  0.00008739167423374  0.00009220073357663
  0.00009736901192844  0.00010320881454952  0.00010976387125167  0.00011702336672609
  0.00012564633649503  0.00013573910653971  0.00014737924032001  0.00016010748224424
  0.00017454042688317  0.00019176545545289  0.00021099157352549  0.00023195251062244
  0.00025017179627747  0.00026878923451420  0.00028846405240028  0.00031233298195044
  0.00034385903307224  0.00038509144175046  0.00043697583797151  0.00050429169460673
  0.00058494872236730  0.00069696160552592  0.00087171860089339  0.00107806282495732
  0.00131882921481547  0.00176122015650034  0.45530365747167567  1.00000000000000000
 -0.00249439049968602  0.01019759347092014  0.02038959738654117  0.03098732442800534
  0.04129414007143184  0.05213094516124878  0.06326634265827795  0.07437054030246039
  0.08521412147139194  0.09589271756976150  0.10657113689643855  0.11718831158116780
  0.12772502463512825  0.13758064862276767  0.14759556302258997  0.15773238161887218
  0.16828771278893728  0.17880160665492506  0.18941668699293324  0.19977457596584355
  0.21005492202949616  0.22037441593816171  0.23100783189052695  0.24147661012349037
  0.25159998896996616  0.26167144309796675  0.27196288649039857  0.28262669286855330
  0.29346155806807384  0.30416255381938295  0.31467084015850932  0.32507440347914929
  0.33560303995632668  0.34620149875646855  0.35679688367142620  0.36735904724669410
  0.37807733091315521  0.38901581079899999  0.39999665173103155  0.41093706612089315
  0.42193319398428836  0.43291346574813699  0.44333109117276942  0.45334059199144650
  0.46320890323293401  0.47326401068325263  0.48354572962039694  0.49410220423400592
  0.50506181940147066  0.51653417301744076  0.52798928966522818  0.53909291162610329
  0.54986265228509346  0.56063872758230715  0.57140946741364340  0.58199157436120785
  0.59244723334822558  0.60282664962387011  0.61322116347837163  0.62371820391518218
  0.63423529933802014  0.64397211757370976  0.65342160290945395  0.66284377176228659
  0.67276625132289014  0.68345424798972376  0.69397763961393011  0.70410213097921126
  0.71393957009357478  0.72351311446436695  0.73316029165560670  0.74328232196534783
  0.75389133377402240  0.76439620913767370  0.77445762857588518  0.78450849711885395
  0.79523044533998388  0.80641161502267122  0.81734199535319318  0.82785460823664625
  0.83833341934118799  0.84901970685346428  0.85999074914578111  0.87116188542736439
  0.88220214130653296  0.89284672345973015  0.90318263383556741  0.91335089139112180
  0.92356806208683861  0.93441131599381655  0.94558606968013381  0.95693663197526568
  0.96793933492095663  0.97855318988091167  0.98934558855329513  1.00000000000000000
  0.00000939079886340  0.00003988273604482  0.00007037467322625  0.00010089592544096
  0.00016751162997482  0.00023412733450867  0.00030119511753306  0.00037467400220291
  0.00044815288687276  0.00050797266002787  0.00054773053274776  0.00058743507818345
  0.00062598339105101  0.00066453170391857  0.00070444234215642  0.00074444200209865
  0.00078531117751309  0.00082626673713973  0.00086913215251499  0.00091214685493053
  0.00095518512780464  0.00099927797740848  0.00104910580718378  0.00109986081563262
  0.00115559641565089  0.00121135618253715  0.00126730833133377  0.00132340791188880
  0.00138134770881738  0.00143906216042380  0.00149488886739308  0.00155082693807312
  0.00160850673695097  0.00166619971205934  0.00172681904818582  0.00178772817307124
  0.00185431650900561  0.00192209314446082  0.00199311632717742  0.00206337741255571
  0.00213312730904614  0.00220331618172168  0.00227363803147162  0.00234536757970447
  0.00241781058969523  0.00249701356066035  0.00257888345525746  0.00266443671232262
  0.00274616505457447  0.00282667017033580  0.00290386092698384  0.00298172642097588
  0.00306122209625736  0.00314959776106401  0.00324643554963645  0.00334379277403551
  0.00344198251433472  0.00354333466358848  0.00364748427020616  0.00375403268257278
  0.00387440206257513  0.00400382019443637  0.00415520771836888  0.00437575494208482
  0.00458332536352444  0.00476385834747969  0.00492779058080295  0.00510068553474869
  0.00528872354455389  0.00546161230037058  0.00563075182355747  0.00579361869613751
  0.00597114289981902  0.00617332588321191  0.00639788170409239  0.00663502015751119
  0.00690504875117536  0.00858574318380242  0.00981865116311773  0.01006403277093717
  0.01028372461545411  0.01051901920449341  0.01081600103051895  0.01116392186891798
  0.01147519447736637  0.01189230851829880  0.01328071696501784  0.01387898396102289
  0.01435265139021894  0.01772650680664495  0.01863597529342904  0.01941571004165641
  0.02562016677714207  0.03674029508714964  0.48944627793706091  1.00000000000000000
 -0.00226785502488023  0.00810012063444804  0.01750721490246632  0.02674709957004680
  0.03613878365587419  0.04542418004431697  0.05491368870451287  0.06446923127959830
  0.07393543291994793  0.08315307973301689  0.09233733810014223  0.10183130138525552
  0.11191248209219545  0.12208482283104635  0.13224641301227366  0.14265601729029889
  0.15352619830451480  0.16441820139542734  0.17494811508601821  0.18546313619197213
  0.19618128911608110  0.20690935763940918  0.21751900497816451  0.22798830550876487
  0.23844286918213264  0.24887907724770575  0.25907617312751807  0.26939784290559576
  0.27977611779327338  0.29044122065035699  0.30100525109788429  0.31153808254181664
  0.32252713320128290  0.33351362232408216  0.34498270998719671  0.35619235430648677
  0.36813284119026857  0.37959714847461823  0.39124186411914169  0.40328637064616779
  0.41519982513393677  0.42686753671120292  0.43859942894403459  0.45032077272880161
  0.46221636140160199  0.47408254581884346  0.48602745662878322  0.49813963915360848
  0.51010592945734468  0.52163252375785696  0.53270664524998979  0.54367350770090173
  0.55491123649806240  0.56593333718069394  0.57678079883099131  0.58739476245097455
  0.59826271187108626  0.60994249148562318  0.62180695470583869  0.63363304723969005
  0.64472073243641537  0.65603291193940683  0.66631471712178703  0.67622246125797214
  0.68605382136867499  0.69628356104954658  0.70725257764948268  0.71853107120013227
  0.72965190346563824  0.74102136460831669  0.75286847281572766  0.76487583593222841
  0.77677862693127364  0.78799529764482212  0.79883276354092969  0.80926850520394378
  0.81917964750818728  0.82893033241908853  0.83869761816827515  0.84880422386553633
  0.85899494551597522  0.86883046291233412  0.87841175009757466  0.88787316701381014
  0.89738995702452828  0.90704122650585617  0.91652036930806546  0.92609844356802706
  0.93548317269498571  0.94483814830154123  0.95405974055160825  0.96338215551467199
  0.97261328425390692  0.98198857544569473  0.99096289855978004  1.00000000000000000
  0.08144364146740800  0.09309998618102276  0.10438997398745839  0.11772457257498826
  0.12771317360202619  0.13941456368202218  0.15144758336304326  0.16156807235897602
  0.17136275300471382  0.18176449071838854  0.19272696062406450  0.20399988168778516
  0.21568298116041704  0.22769124833377039  0.23946469748139496  0.25106712138397230
  0.26111932406144983  0.27019368689322798  0.27912856673631758  0.28841473219279590
  0.29801038860607387  0.30772076771949541  0.31748320389533352  0.32735898423492726
  0.33718830072136757  0.34699055568014553  0.35679001966463320  0.36649204262010893
  0.37600079304251949  0.38559825997242286  0.39535674885882843  0.40522979728200809
  0.41493898493174680  0.42440586756315019  0.43378016103650091  0.44298942327112711
  0.45232535168581173  0.46199058831047418  0.47176088848454217  0.48120895731115326
  0.49030689890290013  0.49951804851208964  0.50903133205592599  0.51862099733088318
  0.52789251139960336  0.53688894938062937  0.54589220046002129  0.55498844935771152
  0.56401185194808223  0.57284354288935591  0.58152740454425300  0.59016461241588636
  0.59881191974913772  0.60737553008459755  0.61579324608547203  0.62412824130982159
  0.63256581687274249  0.64117246394959926  0.64984174407855866  0.65844494063485159
  0.66699229727092957  0.67557345036794958  0.68430935717025387  0.69318924716363439
  0.70205656696509533  0.71087072618500591  0.71976145625051591  0.72876201411589470
  0.73806947393955769  0.74728705886012048  0.75605999497154630  0.76474276243487294
  0.77329866310650353  0.78203544842295325  0.79091926275195468  0.79979795403349829
  0.80866806011500780  0.81758390298965633  0.82657051691131744  0.83543437413871191
  0.84384581351461130  0.85164465281246360  0.85921725828124462  0.86652552525525983
  0.87393435060423730  0.88173323653082369  0.88985173519442762  0.89861908748539321
  0.90801567520087900  0.91812269300346994  0.92885082875772862  0.93998395888830855
  0.95134246413651880  0.96415899176529651  0.98019133117903867  1.00000000000000000
 -0.01724907782093673  0.09721676401392297  0.13248373824746817  0.15497959947249076
  0.17310751678178163  0.18828087205439481  0.20170085104589125  0.21396043804479342
  0.22513582805649388  0.23549284103691703  0.24523811869589876  0.25486702362244240
  0.26418667974984661  0.27322747330870611  0.28199641134445202  0.29073246220086746
  0.29929597155989296  0.30748795729883105  0.31519039312564917  0.32250942285520418
  0.32967405310859932  0.33658240192089078  0.34334724553291174  0.35004472187558250
  0.35675494352781928  0.36358707714373667  0.37039378563630626  0.37696356139648957
  0.38328214911861019  0.38953340612779669  0.39592195495560822  0.40237917163986742
  0.40880727230578429  0.41504858571038344  0.42108118574628267  0.42718953755199490
  0.43337357333910653  0.43934212965727554  0.44514424086491239  0.45081450416175423
  0.45646998010342527  0.46210402949587503  0.46775540957598771  0.47350573881761654
  0.47936470776731871  0.48535076632635604  0.49141822916118266  0.49725060512297292
  0.50287063651871100  0.50839638463072478  0.51403430986636989  0.51977443420484315
  0.52542869414510163  0.53120055244154363  0.53701905822432061  0.54304613411770186
  0.54908208862176078  0.55498095842579975  0.56094540055257913  0.56707248921326781
  0.57334893979791035  0.57974175809241080  0.58610423870618511  0.59232103045628237
  0.59866483846871099  0.60471683489827421  0.61114409488906274  0.61753481313286407
  0.62421554183078232  0.63111430948488856  0.63804126940086103  0.64491033396802444
  0.65163451635272718  0.65828161209712177  0.66495896460979920  0.67178713474082885
  0.67874339268546779  0.68551478560624335  0.69257186063035481  0.69997823707429396
  0.70807698264005348  0.71671897989983291  0.72544579796683806  0.73447313045234552
  0.74390702312942791  0.75378219666281254  0.76388148927339994  0.77425939295504476
  0.78533987680830564  0.79745282549382002  0.81077489292419269  0.82570636933112962
  0.84285843084957612  0.86446585330961601  0.90028247295842290  1.00000000000000000
   1.9012740345589413E-003  -1.0000000000000000     
 F F F F F F F F F F F F F F F F F F F F F F F F F F F F F F F F F F F F F F F F F F F F F F F F F F F F F F F F F F F F F F F F F F F F F F F F F F F F F F F F F F F F F F F F F F F F F F F F
  <DiscreteSampler_grid>
  grouped_processes
  1 # 1 for a reference and 2 for a running grid.
  10 # Attribute 'min_bin_probing_points' of the grid.
  1 # Attribute 'grid_mode' of the grid. 1=='default',2=='initialization'
  0.0000000000000000 # Attribute 'small_contrib_threshold' of the grid.
  0.5000000000000000 # Attribute 'damping_power' of the grid.
 # binID   n_entries weight   weight_sqr   abs_weight
    10   10   4.539534871396532E+004   3.827569477960794E+009   4.539534871396532E+004
    16   10   4.539534871396532E+004   3.827569477960793E+009   4.539534871396532E+004
  </DiscreteSampler_grid>
