  0.00000295265144818  0.00000297306063662  0.00000301345239375  0.00000306916575797
  0.00000312945000121  0.00000319656496952  0.00000326661703856  0.00000336865661812
  0.00000348712612115  0.00000361394705929  0.00000375010080564  0.00000389387752464
  0.00000404713820929  0.00000419772012247  0.00000435971527474  0.00000456009818834
  0.00000476446147285  0.00000498497578080  0.00000522881101925  0.00000549273381231
  0.00000577248285192  0.00000606719624017  0.00000637473443643  0.00000669257636385
  0.00000703230355112  0.00000739629186028  0.00000775815278973  0.00000816455331052
  0.00000859177872697  0.00000904015240640  0.00000952485387813  0.00001004316476699
  0.00001058158220981  0.00001115668407959  0.00001175572714629  0.00001238556471758
  0.00001307945781702  0.00001382486652482  0.00001459240922860  0.00001542652780303
  0.00001626244096735  0.00001714285391817  0.00001810510932471  0.00001907697347841
  0.00002008986039926  0.00002117538319061  0.00002226256978885  0.00002351363336287
  0.00002483256873913  0.00002622345169716  0.00002771832186980  0.00002931662774462
  0.00003105318656940  0.00003290990096663  0.00003482428102216  0.00003684162347083
  0.00003901317976012  0.00004137733906583  0.00004402799535539  0.00004688004772885
  0.00004978298861828  0.00005303087104343  0.00005618603221627  0.00005997326248230
  0.00006380994619945  0.00006813604631347  0.00007271118355224  0.00007774577340303
  0.00008310139976361  0.00008895620164393  0.00009543137580772  0.00010277205523527
  0.00011059239574050  0.00011880410214265  0.00012787817653145  0.00013836312219634
  0.00015019623800196  0.00016333139713546  0.00017744077355665  0.00019315821909347
  0.00021158539276695  0.00023449986298824  0.00026215847838459  0.00029386936587137
  0.00033156041600464  0.00037522745182351  0.00041962825377532  0.00046685869909608
  0.00052362895472124  0.00061645956593819  0.00074830663864454  0.00095108817351119
  0.00129477873809986  0.00194608121177511  0.02828261233851680  1.00000000000000000
  0.00000255770675073  0.00000273282947635  0.00000293561046223  0.00000312636046444
  0.00000330844324546  0.00000350077343102  0.00000370490175185  0.00000393090326841
  0.00000417774022390  0.00000442658768087  0.00000468374664637  0.00000494011068424
  0.00000521300648465  0.00000549906347567  0.00000579782922372  0.00000611867737737
  0.00000647276699790  0.00000683946831212  0.00000724859700175  0.00000765423444157
  0.00000808314913960  0.00000852703653982  0.00000898045195075  0.00000944898653746
  0.00000993717370831  0.00001042547607016  0.00001095880782391  0.00001152000023343
  0.00001210575623109  0.00001272987438306  0.00001339542963750  0.00001407643302667
  0.00001480393898759  0.00001560784522745  0.00001640038457454  0.00001724065370081
  0.00001810083702287  0.00001897729551835  0.00001988921951640  0.00002092056920562
  0.00002193630659899  0.00002301437965725  0.00002416822969391  0.00002532162741159
  0.00002655061670163  0.00002788370891568  0.00002928345922251  0.00003077613063211
  0.00003234894242221  0.00003394776839404  0.00003549056479204  0.00003723384111914
  0.00003901241532037  0.00004086575838171  0.00004287246846014  0.00004501911269137
  0.00004722920206311  0.00004962721104980  0.00005225779459330  0.00005503632396843
  0.00005817574986777  0.00006147452072807  0.00006487789081357  0.00006867807732628
  0.00007274671211126  0.00007711146423213  0.00008192128804530  0.00008705125423188
  0.00009280860322716  0.00009876807342811  0.00010545343514146  0.00011283090051807
  0.00012093250360802  0.00012932900038008  0.00013769907289583  0.00014634558766165
  0.00015583739400504  0.00016659914224744  0.00017931120112215  0.00019288622655245
  0.00020844246338073  0.00022486963225600  0.00024791350423653  0.00027703591278980
  0.00031585850244799  0.00036288508945040  0.00041860706812902  0.00049056980397307
  0.00059169679479560  0.00071343247263600  0.00084169849675273  0.00103356145072469
  0.00143893759943942  0.00203969569225755  0.05697142016280524  1.00000000000000000
 -0.00234957973468698  0.00836436447381968  0.01815016718366300  0.02897228991237517
  0.04009005992936119  0.05006124325430036  0.05981703896031660  0.06939821041170302
  0.07976396575976204  0.09044401665273978  0.10108064632386005  0.11139532266904509
  0.12127646278187139  0.13138209176258769  0.14106810346985968  0.15114206240599018
  0.16100127831655675  0.17155441983989095  0.18240569113434546  0.19374196607602343
  0.20450608533119458  0.21496992668419063  0.22532031280598466  0.23594978908499581
  0.24640048533247802  0.25678426910788832  0.26726774946793969  0.27777418614848381
  0.28830927975877546  0.29892743627233803  0.30999432606559391  0.32017113834953259
  0.33022743816476824  0.34041170156568062  0.35127580775304451  0.36200756706203063
  0.37242996190391225  0.38313970943199743  0.39408064545450733  0.40483787526073856
  0.41566464040934131  0.42677165083159063  0.43781693391137505  0.44834679611558720
  0.45875956649927352  0.46902688302540252  0.47974692637143734  0.49078360693010831
  0.50189072165698612  0.51279366348440314  0.52295556928852227  0.53272422459549762
  0.54244729040574879  0.55237440668125692  0.56273452307056182  0.57331854885509592
  0.58392227088027981  0.59455300860273563  0.60516231538717669  0.61570011728664176
  0.62577058126383622  0.63556390880926639  0.64546962203529556  0.65570874701263593
  0.66636110480107535  0.67698109013385699  0.68733440294279169  0.69779802871689744
  0.70859697782663511  0.71966067827435520  0.73059293899368927  0.74141845668200168
  0.75226611627586437  0.76287033158603645  0.77337277955606132  0.78375825473402150
  0.79443323631755647  0.80544044798171532  0.81660468617592896  0.82753353254706974
  0.83875963533618025  0.85034265059210190  0.86151572545706112  0.87253628083261525
  0.88353679721989409  0.89444897795640421  0.90468840671384143  0.91517542487684944
  0.92581167130832520  0.93643311308023414  0.94631705185963577  0.95626827148857363
  0.96630736296337094  0.97702529197241417  0.98834204714711571  1.00000000000000000
  0.00000715849795533  0.00004373927325901  0.00008032004856269  0.00012524870265041
  0.00019761897214386  0.00026998924163730  0.00034662148415455  0.00042733275790677
  0.00050531426519708  0.00054703683488321  0.00058875940456935  0.00063183267245554
  0.00067506228438128  0.00071868780437067  0.00076230464567966  0.00080582713571771
  0.00084942284404153  0.00089328215861594  0.00093701056106803  0.00098048672902024
  0.00102861537525618  0.00108244316674624  0.00113905905845869  0.00119847949415133
  0.00125780285346800  0.00131703640240397  0.00137667211576662  0.00143665863346089
  0.00149829313852625  0.00156115226038700  0.00162447102897628  0.00168801451427348
  0.00175278572699412  0.00181809131810866  0.00188150138736828  0.00194436153506335
  0.00201018672241792  0.00207685429105102  0.00214864431023049  0.00222157964731791
  0.00229828680684017  0.00237768351230103  0.00246036666339147  0.00253750947425055
  0.00261539405172148  0.00269814211607840  0.00277771109689308  0.00285523333451961
  0.00293467460840208  0.00301443177104127  0.00309446978541183  0.00317943863508668
  0.00326859139742781  0.00336339420889187  0.00346318433466984  0.00357196222706665
  0.00369706098489421  0.00382519108711218  0.00395343481830987  0.00407629162525725
  0.00420058406167516  0.00434290185620269  0.00447181780397008  0.00459610661812054
  0.00472147182832186  0.00486478648728233  0.00500825721629539  0.00516281632491424
  0.00533403018297577  0.00550719575397451  0.00570042121253269  0.00593420505945077
  0.00645273428580701  0.00678912160744282  0.00702163196277831  0.00726209198305679
  0.00752070241420110  0.00787935202140882  0.00829841556328865  0.00874206276153130
  0.00924443390646636  0.00954320180501345  0.00982205838796190  0.01009875215864471
  0.01180490115344403  0.01239663795439378  0.01280217545015642  0.01316952091893991
  0.01358226363253193  0.01397539085185156  0.01441085196757763  0.01494432170200234
  0.02125688204880021  0.03729314481233879  0.12686999278546721  1.00000000000000000
 -0.00225809880944295  0.00864011815976126  0.01795790418443132  0.02738873492800602
  0.03683745179046272  0.04616107444103597  0.05534603451019917  0.06455744154870033
  0.07382696859151065  0.08306833782903952  0.09237387965815864  0.10171097968180909
  0.11130388671797171  0.12108352980151375  0.13099475147007045  0.14110120400295931
  0.15130095302998425  0.16152394423419830  0.17159922183808018  0.18179375912872525
  0.19229471894665764  0.20308789545186959  0.21408146325024499  0.22535381814720340
  0.23682498777071820  0.24830106496034504  0.25968529422184833  0.27109078993017183
  0.28249804341972723  0.29349966764240276  0.30380924953521860  0.31389274789696847
  0.32412927205542652  0.33468379660685244  0.34544326309174789  0.35650242047114500
  0.36790329486105749  0.37929317280863900  0.39043427767124517  0.40137336144553210
  0.41225943389903486  0.42363149365546399  0.43552459206186461  0.44763456444036703
  0.45981653838067360  0.47186936698250276  0.48333823860520492  0.49458005770333130
  0.50653141276006086  0.51912564259933347  0.53181013347556350  0.54385453961242125
  0.55599262390613746  0.56735811997108010  0.57877425744958710  0.59016539316408512
  0.60164141106985924  0.61293892090638868  0.62451026677786126  0.63638358990541422
  0.64819837688049986  0.65990562450278201  0.67105898706683098  0.68201750247499215
  0.69259800627794765  0.70333967743773684  0.71426700107896224  0.72574119554953254
  0.73661172885644755  0.74655076274830501  0.75627224585734143  0.76607223325972362
  0.77670692075737080  0.78714738170791287  0.79758706388667899  0.80824451686913534
  0.81866267522484659  0.82906698841270154  0.83911553255465676  0.84914371890887841
  0.85882312154218254  0.86852916578243933  0.87826798299816278  0.88829553840930742
  0.89832313063994862  0.90831214423659501  0.91786501694933365  0.92681414957496200
  0.93555484054509741  0.94445354859174191  0.95347085463136139  0.96318745275893147
  0.97238126759401744  0.98164011734327583  0.99063268686859807  1.00000000000000000
  0.10465549205625559  0.12106783782231252  0.13077498330043152  0.14055246032900601
  0.15122973056105385  0.16310570985967376  0.17624002214629081  0.18843049773514253
  0.19940666263885248  0.21011744281791936  0.22025865035859341  0.22994572612668288
  0.23996826167928689  0.24960748260671861  0.25907011126473917  0.26846476763255389
  0.27850474666078967  0.28881836652520465  0.29906118875252596  0.30916314154974628
  0.31939436885534916  0.32964608057017392  0.33919109965414224  0.34787842282510301
  0.35653959717408384  0.36543284582443214  0.37455053858580206  0.38378976671264459
  0.39311507898365056  0.40249914526311403  0.41172332119399696  0.42066437117753519
  0.42952306791912187  0.43839555853196049  0.44735792572987820  0.45621275558866126
  0.46491935910754617  0.47360207095939771  0.48236400793340406  0.49135590363379994
  0.50037068443383370  0.50920883818856655  0.51799072580514816  0.52687327336062117
  0.53585078507594230  0.54476577465299814  0.55345756227615572  0.56200727208956147
  0.57063172383936112  0.57951108308102928  0.58872610070552345  0.59793439779510260
  0.60684371946688698  0.61556251752193603  0.62440379844080529  0.63326146883257617
  0.64202043899336803  0.65062455229140914  0.65929612164842755  0.66796160133356786
  0.67655741723239982  0.68506490973993539  0.69360419836956733  0.70211179226635878
  0.71046880418619718  0.71883495115299634  0.72726873958140770  0.73586320152605866
  0.74457309468264710  0.75319674345469712  0.76164391019625721  0.77014992405803528
  0.77860003119968269  0.78723884410219069  0.79582364243266746  0.80445517961021240
  0.81281401471168802  0.82121534726487833  0.82941179856603753  0.83776376116902695
  0.84534078838289006  0.85291217411296394  0.86043654202022812  0.86795833054284854
  0.87581579465136750  0.88388805774987400  0.89224908830611571  0.90073601991253160
  0.90934238297780501  0.91836025524711340  0.92812170227767077  0.93830160323302281
  0.94928375192390768  0.96155944607779087  0.97826042022722848  1.00000000000000000
 -0.01523803541973603  0.09964357295422513  0.13477458245866142  0.15651736331746491
  0.17438343317112179  0.19009525521683440  0.20421140465373100  0.21696957923295435
  0.22865545629029727  0.23957360369589062  0.24998397118026996  0.25981173938080504
  0.26918555464270111  0.27817072460988235  0.28686329486635104  0.29503397794629660
  0.30271392779556305  0.31016496888207779  0.31734959646860722  0.32431030893400348
  0.33123395543305789  0.33832996052314468  0.34540535540312411  0.35222804323552170
  0.35874858194306691  0.36505840968195941  0.37141344791794167  0.37781341757023040
  0.38414868020944565  0.39054700730966979  0.39672508581608368  0.40266034749252061
  0.40831092261229052  0.41393542974906727  0.41971794332480206  0.42529565042973833
  0.43125812353478454  0.43695511722856750  0.44274203207184409  0.44852211825062921
  0.45429489019301195  0.46011129460803718  0.46595049885526724  0.47181799089924464
  0.47767315014044487  0.48339944832592263  0.48899297991126967  0.49458884594621788
  0.50008280872457167  0.50559011241871676  0.51113464359760241  0.51677728102880782
  0.52261991867196267  0.52872224837461468  0.53501217795104761  0.54133514260965854
  0.54760033274883946  0.55375954584966558  0.55979529696505703  0.56578334228416927
  0.57181388554377421  0.57800541955865337  0.58446757828395712  0.59071921531198901
  0.59683354129771793  0.60285112674761498  0.60914175239295976  0.61559918544755765
  0.62214119782824984  0.62872283621808711  0.63529816470557110  0.64178199117706958
  0.64827400537259228  0.65493616703625235  0.66179870654542694  0.66899781971513772
  0.67633043319576369  0.68375766180450748  0.69125242552514143  0.69886738459448416
  0.70667920918289784  0.71465047364705259  0.72288104173499346  0.73139817608659352
  0.74050206330835278  0.75041485447101608  0.76098575178488759  0.77201871650100062
  0.78388879108488330  0.79694855181433666  0.81122857327406095  0.82672420016208070
  0.84466157883701742  0.86719276263227585  0.90263596683344660  1.00000000000000000
   1.9181961614934450E-003  -1.0000000000000000     
 F F F F F F F F F F F F F F F F F F F F F F F F F F F F F F F F F F F F F F F F F F F F F F F F F F F F F F F F F F F F F F F F F F F F F F F F F F F F F F F F F F F F F F F F F F F F F F F F
  <DiscreteSampler_grid>
  grouped_processes
  1 # 1 for a reference and 2 for a running grid.
  10 # Attribute 'min_bin_probing_points' of the grid.
  1 # Attribute 'grid_mode' of the grid. 1=='default',2=='initialization'
  0.0000000000000000 # Attribute 'small_contrib_threshold' of the grid.
  0.5000000000000000 # Attribute 'damping_power' of the grid.
 # binID   n_entries weight   weight_sqr   abs_weight
    10   10   7.280701066846059E+004   8.314519235511412E+009   7.280701066846059E+004
    16   10   7.280701066846060E+004   8.314519235511414E+009   7.280701066846060E+004
  </DiscreteSampler_grid>
