  0.00000255283797216  0.00000281638566569  0.00000288788083038  0.00000296186157422
  0.00000303496246937  0.00000310627482620  0.00000318021360510  0.00000325976787929
  0.00000334567879524  0.00000345356264538  0.00000356564842662  0.00000367789917914
  0.00000382421772816  0.00000397660232358  0.00000413710503910  0.00000429872843175
  0.00000449786276067  0.00000470852101783  0.00000493182274434  0.00000517374071124
  0.00000542933631251  0.00000569410478508  0.00000597521711646  0.00000628093052386
  0.00000660556441676  0.00000695778648026  0.00000733203108715  0.00000770378398316
  0.00000810441325895  0.00000855123351619  0.00000901026001736  0.00000951683469592
  0.00001006183434020  0.00001065722780411  0.00001129756526244  0.00001196785306588
  0.00001265237584398  0.00001339578586767  0.00001412050769637  0.00001492730386201
  0.00001576932855816  0.00001667994694413  0.00001767586148730  0.00001874053439931
  0.00001987527151894  0.00002107641257199  0.00002233340338477  0.00002366921419581
  0.00002509038068070  0.00002657920752707  0.00002822669959766  0.00002991589508052
  0.00003172947258364  0.00003362707433040  0.00003565368135061  0.00003785515130982
  0.00004025265921814  0.00004282350715770  0.00004563763138605  0.00004851815663810
  0.00005181267313548  0.00005514455718975  0.00005898331029798  0.00006295523638099
  0.00006724495062156  0.00007169185182798  0.00007648610805570  0.00008176191827031
  0.00008775836056657  0.00009460073842865  0.00010235870007230  0.00011083188373804
  0.00012045724483157  0.00013138474505324  0.00014320527425028  0.00015648065912980
  0.00017107534326279  0.00018630099851735  0.00020270885344645  0.00021982458196669
  0.00024061785911867  0.00026647938012462  0.00029713143718479  0.00032823351735177
  0.00036026504869381  0.00039920257580043  0.00045463415826189  0.00053019269184314
  0.00065666616770231  0.00082262630313934  0.00103646046949560  0.00134171247098798
  0.00187862060795602  0.00341710112939007  0.01455213882186171  1.00000000000000000
  0.00000266206187208  0.00000294516476852  0.00000314863309050  0.00000336489202909
  0.00000358202134911  0.00000378531261543  0.00000400520421811  0.00000421846008652
  0.00000446111685472  0.00000472619829721  0.00000500234402683  0.00000529274351642
  0.00000559407962018  0.00000590863892579  0.00000624198802342  0.00000658641032785
  0.00000695384040929  0.00000734838837420  0.00000776079926174  0.00000818772740322
  0.00000862490493382  0.00000907909937346  0.00000956717062690  0.00001009141708780
  0.00001061541059293  0.00001118631071823  0.00001179174754225  0.00001243337662094
  0.00001310854070262  0.00001378128802100  0.00001445036893804  0.00001516115912771
  0.00001590660128421  0.00001670103718255  0.00001757213975996  0.00001849472510249
  0.00001943807438576  0.00002042956980848  0.00002145846619759  0.00002251124832115
  0.00002365104062738  0.00002484290512110  0.00002606289857954  0.00002738289053007
  0.00002878082124422  0.00003023021387018  0.00003178040182406  0.00003341291359364
  0.00003507943621176  0.00003694771576045  0.00003892382484075  0.00004093463524437
  0.00004306601808597  0.00004530999094409  0.00004764507966442  0.00005025611717457
  0.00005293068924269  0.00005577015222993  0.00005882193359330  0.00006219421226408
  0.00006593072730430  0.00007006689754422  0.00007426510237400  0.00007887425739773
  0.00008343744496917  0.00008813336443222  0.00009300619625237  0.00009805813724805
  0.00010376812873593  0.00011052166747637  0.00011817475099814  0.00012687131480969
  0.00013688783571546  0.00014776801262228  0.00015952933355614  0.00017170824724988
  0.00018488677217234  0.00019930161057978  0.00021515319658305  0.00023264103102859
  0.00025219984227594  0.00027577305699937  0.00030569378808424  0.00034315082468243
  0.00038624297174666  0.00043140487387320  0.00047834180358183  0.00053340688111293
  0.00061132390198224  0.00071225222670652  0.00086597546850503  0.00107181000457187
  0.00136434073558781  0.00193208282426095  0.02521243416961188  1.00000000000000000
 -0.00234922848098179  0.00937223275856380  0.01921580173141058  0.02996548633228325
  0.04071324967184360  0.05093877090997594  0.06105199265483431  0.07177708213525653
  0.08277287532740962  0.09378285997941847  0.10519713157404284  0.11689106611211363
  0.12867725516188167  0.14022018118073507  0.15182919489156582  0.16281556956723664
  0.17350067625004861  0.18405284520826931  0.19477586571919542  0.20549847895739365
  0.21594354660522094  0.22613956054416159  0.23649758167601184  0.24726109854377473
  0.25802020515645668  0.26890143323534316  0.27937354204350145  0.29033916735901077
  0.30121889725229317  0.31179212744206924  0.32192737411034961  0.33173038836870705
  0.34151129593324381  0.35139191829048322  0.36200896143447814  0.37278290929938890
  0.38341957268032706  0.39378531540762129  0.40428100723516514  0.41506044197991554
  0.42600308539597104  0.43711090638867989  0.44835379494533995  0.45953314728417588
  0.47029385545102431  0.48057920611687799  0.49079607007271198  0.50091134201868415
  0.51107115037916517  0.52110927816625496  0.53143212640065374  0.54167669896748549
  0.55180887222757602  0.56200962471075766  0.57248697812002836  0.58296257160479126
  0.59334070295160235  0.60382580949748754  0.61435808701503947  0.62467550081866763
  0.63467968244117035  0.64479319484411723  0.65513185089613879  0.66555731793078843
  0.67637304258204489  0.68731964367404430  0.69819722651744875  0.70902921389099838
  0.71980758007362744  0.73049051987189995  0.74058725250199386  0.75062530303893349
  0.76100329613459328  0.77165565716508910  0.78252959302553937  0.79289608651222654
  0.80301168634111419  0.81283455692438944  0.82298953402706065  0.83348639563103499
  0.84418128288660554  0.85438406064894556  0.86471673772906466  0.87528698992941856
  0.88675149433426159  0.89771975057744047  0.90818343460955053  0.91832478792734940
  0.92859344217363116  0.93928850738456704  0.95013528893865562  0.96084402284257875
  0.97110604519700727  0.98092568982531825  0.99059443290242910  1.00000000000000000
  0.00000666237956608  0.00007112580484247  0.00013558923011885  0.00020142007578155
  0.00027908837601210  0.00035675667624264  0.00042978290572838  0.00049421225022880
  0.00055864159472922  0.00060320194027247  0.00064610327688717  0.00069251396543347
  0.00073973608877814  0.00078771629222430  0.00083579329697636  0.00088455588213461
  0.00093304010995570  0.00097999250362261  0.00102944588725296  0.00108750630591985
  0.00114627803246274  0.00120802655543787  0.00127004955014234  0.00133459691643938
  0.00139948632062238  0.00146766853769432  0.00153629024182584  0.00160670374126889
  0.00167779456981663  0.00175057156660127  0.00182404670574189  0.00189855080110547
  0.00197601632297740  0.00205575712683863  0.00213811512991144  0.00222148773854066
  0.00230978139872793  0.00240020592421408  0.00249327242645249  0.00259471345813646
  0.00269809478945980  0.00280258218600826  0.00290559914504064  0.00300735668733615
  0.00310680866790670  0.00321574593609428  0.00332832395077410  0.00343742525855957
  0.00354615175248993  0.00365457158162508  0.00376940534585957  0.00388770384748366
  0.00401177450703209  0.00416116088234206  0.00431558097219897  0.00448249472748200
  0.00466287920848501  0.00485813682328934  0.00506210414567737  0.00526591017988291
  0.00547645700886815  0.00569659600800148  0.00588676780564984  0.00606446733481292
  0.00625424402400294  0.00645727523234587  0.00665517561819545  0.00682946499735426
  0.00701846586986823  0.00719203745486552  0.00740905022520864  0.00768645379263485
  0.00798484929896356  0.00834029749301645  0.00868272221306614  0.00896001944181297
  0.00921259727689489  0.00948070726129933  0.00976993759749554  0.01015255199867273
  0.01119248967696907  0.01157822027641493  0.01192826079037427  0.01230655446679292
  0.01322687726089912  0.01372633376294757  0.01420953025441038  0.01615649226758023
  0.01779363371861178  0.01841922990528920  0.02328147327360712  0.02448581889258557
  0.03373892943269795  0.04352927498117941  0.20790660042056106  1.00000000000000000
 -0.00212589490350921  0.00783654273136661  0.01622168863876941  0.02497105178749970
  0.03400971697770144  0.04352597862548505  0.05306508342131223  0.06279973887067471
  0.07263731370848162  0.08253358673205916  0.09226385876623550  0.10176312362490370
  0.11140734810676413  0.12127376626310835  0.13164191346099532  0.14234163695917260
  0.15326838187734595  0.16408491301099676  0.17480740699782987  0.18524028374101387
  0.19581189568399976  0.20631312026574886  0.21694564938687480  0.22786273436184257
  0.23890613291600224  0.25003427633294950  0.26084353627341800  0.27141669628900839
  0.28209053925305244  0.29288112581972719  0.30427855591645342  0.31553792824435528
  0.32662106467441149  0.33751698830913274  0.34867941440447769  0.36002247976445928
  0.37115247452241740  0.38194531301223628  0.39262607509929315  0.40398796483607580
  0.41528959896612061  0.42651757634724807  0.43694164292198301  0.44806132250735892
  0.45885667479574394  0.46954426379857045  0.48044547109864943  0.49166564588475437
  0.50295930779734543  0.51361949626605041  0.52464876320174747  0.53618256107981477
  0.54796484412178759  0.55922401057352999  0.57001667805149747  0.58052058867737788
  0.59095643409548559  0.60142305925431672  0.61213595234854046  0.62315773111849293
  0.63457806959518803  0.64600939528959522  0.65730458737728126  0.66837937760555499
  0.67901369709942927  0.68972534536552588  0.70077344167328803  0.71241945284276598
  0.72398579672709251  0.73525073178559763  0.74658061733327652  0.75808334051394877
  0.76938381523667843  0.77983434043100974  0.78976947572340006  0.79983489623024639
  0.81027627564048210  0.82081279249710903  0.83124715764946699  0.84179940276023091
  0.85231370002759521  0.86248486438020500  0.87244939367707119  0.88245076182369553
  0.89251522913556358  0.90237272710791427  0.91208941256339959  0.92196387421998638
  0.93178895518216220  0.94173286221940211  0.95143658322298230  0.96102891034338045
  0.97054454989172390  0.98017619532545697  0.99011172978041384  1.00000000000000000
  0.14963763134881627  0.16009958865085552  0.17012330889758429  0.17979120166259607
  0.18980387558647119  0.20039393088844887  0.21076961078426040  0.22024975801597507
  0.22954907126752741  0.23874504993074805  0.24780793269508675  0.25666761308404407
  0.26568043427092836  0.27443369900594877  0.28283147248453333  0.29116639878091805
  0.29995749586277365  0.30895464515870352  0.31778588725405155  0.32637266451602182
  0.33519406956049641  0.34445695830830464  0.35347091887717724  0.36220957719332814
  0.37080056394750066  0.37994725259049938  0.38938799787356854  0.39880045002535414
  0.40806718653251195  0.41716390143347065  0.42635970385630956  0.43563186263758585
  0.44476338332703053  0.45356724682859256  0.46215072822877007  0.47093409400462216
  0.47988519714121547  0.48898188771489237  0.49813537909639449  0.50756800330547092
  0.51673048450035464  0.52556591903290240  0.53413380413965872  0.54280168799411110
  0.55144679138224417  0.56013668331944999  0.56865393539981612  0.57710911782370167
  0.58565871175501072  0.59415451035651856  0.60270679376733405  0.61103219900877492
  0.61937036858835037  0.62777227569039740  0.63632346057336575  0.64494685128603313
  0.65355993130773826  0.66214524087495275  0.67057191876185973  0.67882823913157031
  0.68697493190434278  0.69509138023234895  0.70331545312660471  0.71166273541929759
  0.71994427898593016  0.72806009177065478  0.73620069155683088  0.74443922900921533
  0.75279449688891886  0.76127551265409155  0.76957601476394999  0.77785832916837827
  0.78625432322165545  0.79478295916307440  0.80338593877580100  0.81181236020227032
  0.82030720401733126  0.82880263386846831  0.83712264543102888  0.84491651921747990
  0.85218572462419528  0.85915284403377801  0.86620204258806577  0.87359991107972690
  0.88119413839640026  0.88886541836309507  0.89674606501964860  0.90482455308608223
  0.91357056398387271  0.92279356993845163  0.93283010508045183  0.94323570200117890
  0.95374251249534081  0.96494510872734274  0.97930835759694290  1.00000000000000000
 -0.01719873849602727  0.09863372056185302  0.13242543582671179  0.15374833554811423
  0.17171942976516102  0.18730336557024266  0.20146985047071650  0.21441655790198555
  0.22647486731183167  0.23765638121274632  0.24816468284784488  0.25801345196403452
  0.26708518399531328  0.27562207593329968  0.28383914384465136  0.29199765256860344
  0.30013038016550858  0.30817640564458515  0.31616117615502604  0.32402197960945367
  0.33172516531997437  0.33901998169647124  0.34598628583640284  0.35281005125908377
  0.35963524790086449  0.36655920192531488  0.37346655652517785  0.38007343208074179
  0.38621630296673715  0.39223415940408052  0.39832483122782725  0.40456211641556511
  0.41084291320553079  0.41643309097407688  0.42195546806806722  0.42734232047639059
  0.43287809705437469  0.43890348827505682  0.44501760604465374  0.45122935210510728
  0.45742995939189118  0.46341958935439043  0.46917151045780042  0.47475005672813869
  0.48025956512422896  0.48586270867676024  0.49160045209234104  0.49758429837060303
  0.50345996705921070  0.50899002891665079  0.51409544863383516  0.51913637534682422
  0.52417030694545086  0.52938950475823021  0.53491642310092125  0.54056537261165949
  0.54603950937020806  0.55133145829267827  0.55664071881162436  0.56204900381348277
  0.56780635846162697  0.57409161595448654  0.58041098965413207  0.58690454545828630
  0.59327190812498043  0.59959954923499070  0.60582501866488936  0.61211409156298691
  0.61846133776373891  0.62498634049596291  0.63175934948831303  0.63869480052290961
  0.64562970036958611  0.65244447263615202  0.65926325094111271  0.66627373682849611
  0.67360394927642342  0.68130876293135345  0.68938075203660165  0.69789823453391975
  0.70675998563581766  0.71558540830742401  0.72432464822272147  0.73334497261045828
  0.74274473556870557  0.75276057966930554  0.76361536014057352  0.77518054567825900
  0.78732657754450375  0.79996931524086423  0.81352825793983408  0.82870155639408072
  0.84648441456234336  0.86808236520910198  0.90215966832980798  1.00000000000000000
   1.8958881346417883E-003  -1.0000000000000000     
 F F F F F F F F F F F F F F F F F F F F F F F F F F F F F F F F F F F F F F F F F F F F F F F F F F F F F F F F F F F F F F F F F F F F F F F F F F F F F F F F F F F F F F F F F F F F F F F F
  <DiscreteSampler_grid>
  grouped_processes
  1 # 1 for a reference and 2 for a running grid.
  10 # Attribute 'min_bin_probing_points' of the grid.
  1 # Attribute 'grid_mode' of the grid. 1=='default',2=='initialization'
  0.0000000000000000 # Attribute 'small_contrib_threshold' of the grid.
  0.5000000000000000 # Attribute 'damping_power' of the grid.
 # binID   n_entries weight   weight_sqr   abs_weight
    10   10   4.235367737334244E+005   6.832594829819060E+011   4.235367737334244E+005
    16   10   4.235367737334244E+005   6.832594829819060E+011   4.235367737334244E+005
  </DiscreteSampler_grid>
