  0.00003691527215634  0.00004002523852099  0.00004178292701613  0.00004352721883558
  0.00004523467960390  0.00004694214037222  0.00004864386396670  0.00005029383375458
  0.00005194380354247  0.00005359377333035  0.00005532859986624  0.00005718499483195
  0.00005904138979766  0.00006089778476338  0.00006300791588746  0.00006521626520296
  0.00006742461451846  0.00006971859789462  0.00007230013602905  0.00007488167416348
  0.00007746321229791  0.00008038217725255  0.00008335256403788  0.00008632295082320
  0.00008954788466043  0.00009295764978433  0.00009636741490822  0.00009994819310887
  0.00010383967224432  0.00010773115137977  0.00011172784108349  0.00011622008552399
  0.00012071232996449  0.00012525425035932  0.00013041170257686  0.00013556915479440
  0.00014075492813140  0.00014671959818913  0.00015268426824685  0.00015872698785094
  0.00016570672130027  0.00017268645474959  0.00017995112234016  0.00018816148502244
  0.00019637184770471  0.00020538022389630  0.00021515843196731  0.00022493664003832
  0.00023644864160982  0.00024807923284146  0.00026084265273155  0.00027473350803724
  0.00028916731049915  0.00030568554021969  0.00032230604775611  0.00034176087704892
  0.00036121570634172  0.00038405683043063  0.00040704151666289  0.00043448273336075
  0.00046262701204653  0.00049518455101128  0.00052998442772565  0.00056885810880514
  0.00061261477910904  0.00065950324677463  0.00071452465927768  0.00077555988390834
  0.00084278571751345  0.00092027188923285  0.00101122836554760  0.00111499464710903
  0.00123366296529283  0.00136995783929872  0.00152787460903228  0.00171142268843554
  0.00192993149685688  0.00219387574883167  0.00251014088951295  0.00288088617412176
  0.00331583457960280  0.00385351572428924  0.00457102102951861  0.00548749350056596
  0.00671218177335815  0.00834228577271047  0.01049753300884146  0.01355438141699678
  0.01830765325680219  0.02554446279609578  0.03837049570442370  0.06060713463684009
  0.11445861423498045  0.28514786054110053  0.69754711673945369  1.00000000000000000
 -0.00000247398612622  0.00002077765128205  0.00003703493898115  0.00005257891104905
  0.00007342997353729  0.00010098205612021  0.00013731700017379  0.00018433444210889
  0.00024433824991090  0.00032013621435459  0.00041619354458434  0.00053613836545167
  0.00068392843260380  0.00086386442449121  0.00108215856769799  0.00134381732703711
  0.00165828653126915  0.00203438559004045  0.00247457135539959  0.00299035437845667
  0.00359397244068695  0.00428501037604584  0.00508935115406231  0.00600783469525625
  0.00705578367190215  0.00826219885099808  0.00962249600413204  0.01114134456999659
  0.01285750163466856  0.01477218968691994  0.01689641114912908  0.01924297294099649
  0.02182629093309730  0.02465673814309661  0.02776223986777288  0.03116847247850637
  0.03488677876148185  0.03893088104257198  0.04329457498943972  0.04799011162672817
  0.05304965533458361  0.05846444682072429  0.06436088993126531  0.07059677786373976
  0.07718683471793658  0.08413313794183805  0.09161750306727198  0.09952468500690760
  0.10776554700634668  0.11647906984478955  0.12564812352240651  0.13509311745114297
  0.14524462224904908  0.15571844982722846  0.16657126230297675  0.17794963479621870
  0.18953649779868181  0.20182134189968795  0.21420337963664407  0.22744823077286599
  0.24074653347712877  0.25483818519162937  0.26900578081903631  0.28369960978645853
  0.29855150939067127  0.31385089341236044  0.32966013985751469  0.34549916315608564
  0.36219041188232343  0.37888166060856115  0.39607441888967587  0.41390724369467680
  0.43174006849967772  0.45025755923845173  0.46906004951432484  0.48786253979019795
  0.50775769376639857  0.52794616638550540  0.54813463900461235  0.56943398472207751
  0.59114460969386462  0.61285523466565162  0.63558773031232163  0.65923145787905824
  0.68287518544579495  0.70704914516315542  0.73310163515167182  0.75915412514018832
  0.78520661512870471  0.81373144246408169  0.84272517737163277  0.87171891227918374
  0.90223218733354116  0.93482145822236062  0.96741072911118009  1.00000000000000000
 -0.00416654745737710  0.01047973578888857  0.02095989299777496  0.03147464092951312
  0.04199085950838613  0.05255352321467854  0.06311790348946403  0.07370999257806213
  0.08430676754834324  0.09495009107475928  0.10558901751386263  0.11619953943481569
  0.12681223824351323  0.13743552101097492  0.14803822353995319  0.15856326654273414
  0.16906457977053174  0.17948648745789211  0.18993681436328286  0.20048170123345851
  0.21104131557502293  0.22164386483993040  0.23224134136127578  0.24282642685208980
  0.25339641917319311  0.26393467426280764  0.27448128723542681  0.28504374212706601
  0.29561627047978628  0.30620573378835936  0.31674894038938767  0.32722436150239537
  0.33764960447048659  0.34800464465960990  0.35837353575774245  0.36876278202783624
  0.37914991157929623  0.38953386137509033  0.39995636699197967  0.41043833707984329
  0.42096154353112653  0.43154512971179132  0.44216200590641991  0.45282170990030268
  0.46342790918402182  0.47397682540644676  0.48443000637830075  0.49479047531366072
  0.50511326411330426  0.51539794425020369  0.52571268645511315  0.53606112410838114
  0.54644833625237366  0.55688137527079185  0.56736601850650792  0.57791088604242424
  0.58846480429752335  0.59902830338460555  0.60963313996162849  0.62027712893006037
  0.63088310947037896  0.64145877328527023  0.65199667845304732  0.66250794683560899
  0.67292742128018801  0.68328680247759777  0.69366052016858459  0.70404406549935772
  0.71444076614030738  0.72484672573751829  0.73528759685958112  0.74575324866887704
  0.75619648787974125  0.76662442201657244  0.77706716685204047  0.78751993527463882
  0.79807636212527533  0.80870095280931609  0.81928330485628276  0.82984214718923610
  0.84045468829849046  0.85109375481005167  0.86167370823673406  0.87222965352352377
  0.88287452742509420  0.89355104475970271  0.90417568377055479  0.91478621769696145
  0.92541592269710460  0.93604975712165039  0.94672000262119482  0.95739599803916109
  0.96806343981386378  0.97873005830983784  0.98936569039214983  1.00000000000000000
 -0.00389939943949380  0.04009419624822032  0.06979517450334007  0.09436492893436144
  0.11561887154720786  0.13457112526362341  0.15178596837154890  0.16763184576141812
  0.18194069661093787  0.19545212652021127  0.20844715139030767  0.22042692529188912
  0.23214934187501102  0.24317755666057816  0.25387492066548256  0.26403559104978036
  0.27396419151197526  0.28342369139427059  0.29279477805684290  0.30156679094976063
  0.31033880384267831  0.31867950489033564  0.32687920225571493  0.33496889359490917
  0.34265184397141163  0.35033479434791404  0.35779344906225430  0.36502892670093745
  0.37226440433962066  0.37925836274527686  0.38610549530773258  0.39295262787018831
  0.39959451012640074  0.40608732480524362  0.41258013948408651  0.41899966138255051
  0.42529471231078741  0.43158976323902426  0.43787787127581074  0.44405934568065519
  0.45024082008549970  0.45642229449034416  0.46255668916397352  0.46867001544919923
  0.47478334173442499  0.48088059122355453  0.48693710674387097  0.49299362226418741
  0.49905013778450391  0.50499917127840288  0.51092821259549948  0.51685725391259596
  0.52281578151466335  0.52883434091309367  0.53485290031152399  0.54087145970995432
  0.54699330930015422  0.55313088386391684  0.55926845842767958  0.56556674780267602
  0.57204375386647777  0.57852075993027952  0.58505686547979441  0.59176385244721486
  0.59847083941463541  0.60523527809921929  0.61232334029383328  0.61941140248844717
  0.62658576716681735  0.63408178653396330  0.64157780590110935  0.64928413778606675
  0.65726665943074591  0.66524918107542497  0.67360611069481591  0.68204388037434960
  0.69067666667977889  0.69966631379068445  0.70868175809968648  0.71839021454418384
  0.72809867098868120  0.73859928388559559  0.74919781050381851  0.76067869763455365
  0.77235548407279220  0.78493007024193417  0.79807467852349778  0.81187704899593105
  0.82696851514499725  0.84310342742670530  0.86059732049312976  0.87990517538235724
  0.90182296166073561  0.92725854977691347  0.95796694541510741  1.00000000000000000
 -0.00416511694590249  0.01044421645931125  0.02088895356065947  0.03143185856914023
  0.04198298506076588  0.05280722465178696  0.06361278080213839  0.07425828382284512
  0.08488016928741238  0.09536557793818816  0.10582812077862626  0.11617118273959105
  0.12652269697430660  0.13692349226666947  0.14732277298984142  0.15771300275052041
  0.16811173871305218  0.17856349116131093  0.18902915019271924  0.19957682659905485
  0.21012538845093351  0.22067827898812983  0.23121608054849663  0.24169184243453487
  0.25217220729242062  0.26267021476847963  0.27319527321563530  0.28381490587713482
  0.29443292057636966  0.30504634552100035  0.31562074728140016  0.32610309636421125
  0.33660091669550563  0.34713313337871893  0.35769665709139320  0.36832311848918597
  0.37900362490467115  0.38977549601962003  0.40050266031303122  0.41117237345884616
  0.42180419348347536  0.43239578567715597  0.44300781591755317  0.45363885709053731
  0.46428682425256446  0.47494817603252854  0.48558605931006643  0.49620857648620292
  0.50673078042771968  0.51719730807854547  0.52768611539204269  0.53818678265543018
  0.54868870941314507  0.55919126044510614  0.56967778337516461  0.58015693430014270
  0.59061148476941427  0.60105533504444653  0.61150711794349799  0.62196226681066014
  0.63240703495688488  0.64284755177597741  0.65331565867347563  0.66379481598985202
  0.67427081146078838  0.68474561329665795  0.69523076138817963  0.70571960067875050
  0.71626999846108330  0.72684082738771960  0.73740567919579647  0.74796884491114124
  0.75854197570885817  0.76911747882286208  0.77962193350038034  0.79011262817615791
  0.80064820183861096  0.81119157972573863  0.82185889625893060  0.83254377257356094
  0.84303017901828159  0.85350074928067843  0.86396231618064834  0.87442327158568345
  0.88482563810884507  0.89522458606695654  0.90570460185524593  0.91618965837983546
  0.92663141188255072  0.93707110145633721  0.94747650038733766  0.95788043018301139
  0.96839335767576429  0.97891124600342838  0.98945529741759919  1.00000000000000000
  0.02164899905522664  0.04593443174530541  0.06809427845504963  0.08824580807580318
  0.10744243046734102  0.12624238153823358  0.14478579879285983  0.16313828540615002
  0.18124067227358789  0.19907954180674173  0.21666486685060649  0.23398412550972467
  0.25100837837784934  0.26774829593154598  0.28418199330777011  0.30032735449417608
  0.31617183811638305  0.33164305101746505  0.34664502396204355  0.36136109747127876
  0.37582010000715493  0.38986492638754194  0.40370251182600714  0.41736322436611412
  0.43059694269357390  0.44361639565346955  0.45640221011871779  0.46866469246769399
  0.48077234870340746  0.49249125655794124  0.50405547621378044  0.51534381258248030
  0.52640700771610438  0.53725707010620449  0.54785405870422155  0.55827777515816845
  0.56839065234236430  0.57829189765335143  0.58795960556783233  0.59738504807425163
  0.60666787100540787  0.61558486338403628  0.62450185576266459  0.63309833573764540
  0.64167585095590518  0.65010137057616069  0.65838392315456251  0.66666647573296434
  0.67484619642429577  0.68302591474503860  0.69112160243261189  0.69911583371310038
  0.70711006499358886  0.71499669330589644  0.72286388165000592  0.73067933355706982
  0.73828634584085651  0.74589335812464330  0.75341828844031933  0.76084692001954080
  0.76827555159876215  0.77552050573204956  0.78266900712479959  0.78981750851754962
  0.79681908425407888  0.80376939160469252  0.81071969895530605  0.81742246490365034
  0.82403998952132929  0.83065751413900824  0.83712581402569708  0.84349281298891132
  0.84985981195212545  0.85614285129665602  0.86225036803892618  0.86835788478119624
  0.87446540152346641  0.88042980408359506  0.88638047799742126  0.89233115191124746
  0.89825098619204558  0.90412670925329974  0.91000243231455391  0.91587815537580819
  0.92185956604919217  0.92785735816672066  0.93385515028424915  0.94002946759435968
  0.94647723307622267  0.95292499855808577  0.95956038888028983  0.96717202316205608
  0.97478365744382234  0.98281198478073917  0.99140599239036964  1.00000000000000000
 -0.00416624943415322  0.04376609302617911  0.07261664332723872  0.09512775735271206
  0.11386858890895775  0.13044166161474122  0.14561233969200033  0.15912280772062309
  0.17208456157471178  0.18438084320050954  0.19591288105139104  0.20718516476226509
  0.21771994810318793  0.22817109206089198  0.23809041971559319  0.24795375256062191
  0.25736073945465349  0.26664827047923484  0.27567928013393667  0.28449989003297210
  0.29323801371603531  0.30161868885962351  0.30999936400321165  0.31818182918743088
  0.32628000055200951  0.33435391158909006  0.34226404980425307  0.35017418801941613
  0.35799650471458389  0.36572932268295516  0.37346214065132644  0.38106721045339309
  0.38864056758005899  0.39620335405474233  0.40356636662784634  0.41092937920095035
  0.41827331211012930  0.42554991166990630  0.43282651122968335  0.44009068785453187
  0.44733256099267599  0.45457443413082010  0.46179265295366334  0.46898534353869503
  0.47617803412372672  0.48330459729414532  0.49038415099387772  0.49746370469361012
  0.50447609026959950  0.51145097892548452  0.51842586758136955  0.52540469541225021
  0.53238559956255505  0.53936650371285977  0.54641496173220316  0.55349661639721126
  0.56057827106221947  0.56774837319970650  0.57495141613446887  0.58215445906923113
  0.58946958586209475  0.59680664643254000  0.60414370700298525  0.61155127393058528
  0.61895906218439722  0.62638304650544185  0.63387861103180732  0.64137417555817267
  0.64895721729463318  0.65666872491643347  0.66438023253823364  0.67231928112885897
  0.68035422840866788  0.68843238972906806  0.69685783636957388  0.70528328301007970
  0.71395652790894804  0.72277037586541693  0.73169859109550484  0.74092939538274649
  0.75017032962953623  0.75998482846516446  0.76979932730079281  0.78028276713739331
  0.79084498262428249  0.80222560263617027  0.81378077064295629  0.82625832809497701
  0.83921952458601468  0.85281407890483307  0.86790979292912562  0.88446383192312805
  0.90334002063984198  0.92604643451403457  0.95518644728154867  1.00000000000000000
   1.2876116923210901E-008  -1.0000000000000000     
 F F F F F F F F F F F F F F F F F F F F F F F F F F F F F F F F F F F F F F F F F F F F F F F F F F F F F F F F F F F F F F F F F F F F F F F F F F F F F F F F F F F F F F F F F F F F F F F F
  <DiscreteSampler_grid>
  grouped_processes
  1 # 1 for a reference and 2 for a running grid.
  10 # Attribute 'min_bin_probing_points' of the grid.
  1 # Attribute 'grid_mode' of the grid. 1=='default',2=='initialization'
  0.0000000000000000 # Attribute 'small_contrib_threshold' of the grid.
  0.5000000000000000 # Attribute 'damping_power' of the grid.
 # binID   n_entries weight   weight_sqr   abs_weight
    10   10   8.483622492942908E+000   6.281842480522769E+002   8.483622492942908E+000
    16   10   8.483622492942894E+000   6.281842480522747E+002   8.483622492942894E+000
  </DiscreteSampler_grid>
