  0.00000290975051016  0.00000298648689795  0.00000304826487117  0.00000311223306417
  0.00000318483703913  0.00000327250548849  0.00000337635140081  0.00000348948530179
  0.00000360469013618  0.00000373157767729  0.00000387197469958  0.00000402511496112
  0.00000418414818200  0.00000434815427323  0.00000453756877029  0.00000473406298856
  0.00000493465762121  0.00000517078999272  0.00000542816462488  0.00000569820743741
  0.00000598867117749  0.00000629331278846  0.00000660660066108  0.00000693249984914
  0.00000726830254757  0.00000761013020398  0.00000797309736468  0.00000837676172274
  0.00000880699173428  0.00000925741293628  0.00000973758874071  0.00001024204162105
  0.00001075123787137  0.00001132883813629  0.00001190816418544  0.00001253462814058
  0.00001322321092995  0.00001394948392569  0.00001470649379137  0.00001554542007086
  0.00001639454343119  0.00001736457547640  0.00001836550245444  0.00001939920729214
  0.00002048233190305  0.00002162835998006  0.00002285999220762  0.00002419461143229
  0.00002560597268639  0.00002707404259393  0.00002862691531248  0.00003025965878046
  0.00003204120416270  0.00003390862084687  0.00003586083764393  0.00003797102766858
  0.00004022365980824  0.00004272934633640  0.00004541417078546  0.00004810967389754
  0.00005096274266659  0.00005396938050929  0.00005723688212762  0.00006102790341587
  0.00006507297051675  0.00006949352007867  0.00007414317561757  0.00007918614742332
  0.00008431470934225  0.00008982107671035  0.00009576189470784  0.00010242928026422
  0.00011031596480735  0.00011934418018924  0.00012952518032910  0.00014018731212988
  0.00015197492950027  0.00016477488834054  0.00017929609358593  0.00019541832923481
  0.00021424677643919  0.00023631146348599  0.00025988364473145  0.00028762578762697
  0.00032440056378758  0.00037087087593667  0.00042690420061181  0.00049705645683033
  0.00058212016213725  0.00068183276527570  0.00080985653081548  0.00100605078362299
  0.00135681740690724  0.00231263169988830  0.00814531100514516  1.00000000000000000
  0.00000253485279503  0.00000263969114125  0.00000285312865277  0.00000305029691450
  0.00000324794650578  0.00000346692918195  0.00000370390659695  0.00000394525725257
  0.00000418397898192  0.00000442912962441  0.00000468889797475  0.00000495741276816
  0.00000523519312263  0.00000551987105020  0.00000581933227793  0.00000614551098355
  0.00000651037538890  0.00000686455088478  0.00000727045685297  0.00000765724614127
  0.00000808347584429  0.00000852471988234  0.00000897962636400  0.00000946167886044
  0.00000996806862894  0.00001049574867937  0.00001105623435272  0.00001164209654267
  0.00001224368531627  0.00001287889187403  0.00001355395088512  0.00001424402700828
  0.00001499747194095  0.00001578663178556  0.00001660811504739  0.00001749138885603
  0.00001841968177821  0.00001935646193227  0.00002036736099889  0.00002140244089647
  0.00002246640730355  0.00002361169952608  0.00002480703879941  0.00002604624480180
  0.00002734358910008  0.00002875258316908  0.00003015321023566  0.00003177808626973
  0.00003342661361395  0.00003512887438866  0.00003694597704559  0.00003886065600748
  0.00004087609724258  0.00004306847361947  0.00004536232173497  0.00004773747547214
  0.00005040064396357  0.00005317970531300  0.00005610299076711  0.00005927636398165
  0.00006265092274072  0.00006625708095135  0.00007014122037379  0.00007417537214732
  0.00007884142687388  0.00008387108955595  0.00008928656520500  0.00009507005090344
  0.00010132111392979  0.00010833197573502  0.00011585632483060  0.00012369196724910
  0.00013210233773037  0.00014132683053329  0.00015187362785650  0.00016354074120693
  0.00017691868765405  0.00019192065861965  0.00021089730593554  0.00023240076674357
  0.00025773545674837  0.00028875929074705  0.00031763130306762  0.00034569293914041
  0.00037623666334288  0.00041326646655214  0.00046866684258398  0.00052948307111931
  0.00060076868808332  0.00070600530593559  0.00085763310259676  0.00108590359492126
  0.00141576859042227  0.00185615796997707  0.01927210404893804  1.00000000000000000
 -0.00209789032598661  0.00904750647486876  0.01880106494802146  0.02898526605766033
  0.03971241445686344  0.05031353227248679  0.06080179904507580  0.07112573176913449
  0.08157538631668136  0.09241331554020808  0.10293414786833900  0.11375894582988043
  0.12402149902510054  0.13488587056954893  0.14557309525803244  0.15641134413727723
  0.16719029826895135  0.17745777509000429  0.18752045493140412  0.19725532383481958
  0.20729469744894949  0.21756101064062075  0.22765955144901479  0.23797299744380518
  0.24851633014725241  0.25954598739952284  0.27010630204046182  0.28101579070923710
  0.29222507884050974  0.30303074397734941  0.31337868505028904  0.32322065820786838
  0.33367972605032670  0.34415385962028544  0.35482041779005280  0.36556214875648657
  0.37627778763488851  0.38716554680530219  0.39799754530498671  0.40885346613933293
  0.41953453420257647  0.42997036696938151  0.44100958940074342  0.45207374547606705
  0.46314080250867595  0.47351730444771573  0.48363684568434478  0.49376027530518635
  0.50404459222236608  0.51441209523872911  0.52490408154845447  0.53552344007874342
  0.54600561940870063  0.55645983869833093  0.56690875389462969  0.57755950906182740
  0.58820904093044757  0.59913746861577921  0.61010908899435323  0.62085475841532989
  0.63108056616724018  0.64109834343592931  0.65098724218645665  0.66103157038456606
  0.67129788734813978  0.68180560696226689  0.69194699436064944  0.70177326859299927
  0.71167862699359286  0.72191861802091406  0.73224433527968724  0.74249855954267585
  0.75263566099104773  0.76337032436893559  0.77416777529846004  0.78533537198609160
  0.79671381224351223  0.80816839107888083  0.81911557238760579  0.82942796043298994
  0.83973982269182956  0.85032200733058283  0.86139821963123808  0.87277522247221540
  0.88367247436607643  0.89458841642442677  0.90508046580763957  0.91578220886557959
  0.92613673792489026  0.93625309647015886  0.94622040098478477  0.95653374044034845
  0.96707616889594150  0.97783991588958796  0.98868394551647276  1.00000000000000000
  0.00000732023652753  0.00005903163504424  0.00011074303356096  0.00016245443207767
  0.00022592397243957  0.00029337480575176  0.00036082563906395  0.00042298796323335
  0.00048214384479669  0.00054129972636004  0.00057980391325051  0.00061542656891047
  0.00065244578577826  0.00069118214049674  0.00073007559592900  0.00076954354141898
  0.00080902288313359  0.00084900046268354  0.00088897804223350  0.00092919888373517
  0.00096946000749205  0.00101385854522273  0.00105995730802412  0.00111101409101517
  0.00116709690641082  0.00122330681061216  0.00127982832214991  0.00133639023420959
  0.00139331604059398  0.00145024184697837  0.00150705833751011  0.00156386605550342
  0.00162231581273551  0.00168141197859112  0.00174260696016861  0.00180583171967514
  0.00187003876226317  0.00193547862786148  0.00200340745068715  0.00207439769482325
  0.00214632812487244  0.00221908859459920  0.00229259274195653  0.00236690985291079
  0.00244135685229625  0.00251595186547556  0.00259486662336300  0.00267876096116443
  0.00276328918449063  0.00284828713696042  0.00293932110124154  0.00303308627683561
  0.00313321933385414  0.00323758760481649  0.00335366818365936  0.00346174240610584
  0.00356655437357074  0.00369450311130425  0.00382940763329336  0.00397323405183898
  0.00412965354261250  0.00427246774091238  0.00440389028651885  0.00452395825574230
  0.00465396730527171  0.00478759512216936  0.00493421852254897  0.00508362091701197
  0.00523889258722879  0.00540067808228363  0.00556634987080143  0.00574288466785589
  0.00594102204687419  0.00618804359387801  0.00647832007115755  0.00685490647973845
  0.00718141540481854  0.00741439137602963  0.00763506655855777  0.00788915672695101
  0.00819575125867086  0.00852670687339315  0.00897257818599193  0.00934398228775178
  0.00969587768041482  0.01050209562364627  0.01173720311555436  0.01233771950616403
  0.01313107239318842  0.01379012469552039  0.01448168798450560  0.01517664656874381
  0.01693750510435863  0.02446119977376908  0.22602766170210989  1.00000000000000000
 -0.00225443709886605  0.00917202032972584  0.01872068441132789  0.02831839965582540
  0.03779574745504439  0.04711069414233311  0.05643197933751632  0.06586266100039390
  0.07545892068749600  0.08497626273827710  0.09417686974048854  0.10337570419030717
  0.11300953263650394  0.12297052054252057  0.13306724841311585  0.14315269829505509
  0.15312458966871492  0.16318275014681241  0.17314275058586431  0.18320514749321909
  0.19342487840942729  0.20369227575005205  0.21419373874538752  0.22479097589631747
  0.23555906148964251  0.24564930888028561  0.25567652791187884  0.26577204834425683
  0.27621327902064963  0.28683571668762015  0.29749030508363894  0.30842643454551566
  0.31946357937296382  0.33032159272722594  0.34130690412058018  0.35267072717424686
  0.36434167166109221  0.37581445281554521  0.38740298421018238  0.39884451211848843
  0.41040775559297860  0.42178495468803290  0.43326383070551394  0.44471559653055548
  0.45663288493213083  0.46889096959844012  0.48137182388395694  0.49251360883675066
  0.50309539167522854  0.51340739530514601  0.52457008457083820  0.53676750879450830
  0.54903409779312962  0.56118610807273894  0.57286677381004902  0.58468574130520501
  0.59603666690793677  0.60736217417478711  0.61921515881935563  0.63101543279449690
  0.64272299942856947  0.65407267137074598  0.66554546423895866  0.67713160556497654
  0.68849577478660440  0.69968347454387569  0.71052331692023107  0.72143752810025874
  0.73213506587959787  0.74282536611327832  0.75407379522497253  0.76523918311141115
  0.77584763622262365  0.78589963164251520  0.79605796505687088  0.80650793088866990
  0.81708092264293786  0.82733172330546956  0.83760436867004351  0.84755763715001087
  0.85776105864968466  0.86816627224318554  0.87862156705986127  0.88860307371279368
  0.89828302479321587  0.90808829636601274  0.91775886329484668  0.92686171778895343
  0.93555303010476054  0.94414351973566857  0.95312591777492406  0.96226680975710011
  0.97164182674882371  0.98085183134704168  0.99040653891253538  1.00000000000000000
  0.04764475849484661  0.07396831058571515  0.08802325611163073  0.10546345268311259
  0.12065325406527194  0.13378561151441512  0.14642846388264552  0.15892841167209110
  0.17030401728690858  0.18205651773212883  0.19410457036468096  0.20531380337280647
  0.21519070510151661  0.22505441040762034  0.23490020789114105  0.24455611346528058
  0.25363757245887047  0.26277832509749732  0.27182916488129361  0.28146112546254559
  0.29136281854200308  0.30093781320924129  0.31047365527533038  0.31979936205509280
  0.32925675773619617  0.33853458702494926  0.34771536225206617  0.35706713465043627
  0.36668265748642870  0.37617996493815031  0.38557153983702463  0.39507940428797955
  0.40488017669305837  0.41467069488187647  0.42410160092758953  0.43364831751363697
  0.44345596770294848  0.45331603948501736  0.46298905617337521  0.47248451608240927
  0.48215002781805549  0.49201975551168609  0.50183214063973824  0.51150658497098755
  0.52100470126084686  0.53034677191145496  0.53957453670754130  0.54875035869189626
  0.55793801736245852  0.56706809286260096  0.57610107858248427  0.58513415833205840
  0.59420102228690608  0.60318751666096759  0.61202207508771955  0.62075111670476057
  0.62947908142192055  0.63827283663640311  0.64705703588845254  0.65585279640935501
  0.66476943545951905  0.67354583145480984  0.68230933036468311  0.69096034656428429
  0.69970945331068257  0.70858697416063077  0.71752637648232864  0.72646634736740445
  0.73544763103419752  0.74445075219134738  0.75340049146970489  0.76233592061140731
  0.77138277926183085  0.78047122704835514  0.78954011253420142  0.79831646726057226
  0.80692393380486238  0.81565755569483500  0.82442084081256117  0.83318160736901625
  0.84168282795341454  0.84968133780041033  0.85736130209923989  0.86505796566541959
  0.87288133108754029  0.88093864736726790  0.88933376221913329  0.89785444562618433
  0.90688158627755733  0.91662783180526630  0.92695401317666370  0.93795140356033357
  0.94950817888384309  0.96250475826573856  0.97879687533794457  1.00000000000000000
 -0.01772821108649050  0.10023249485430125  0.13472537478411667  0.15572597117742870
  0.17239611766215535  0.18674853784781542  0.20027154387662702  0.21301564064502709
  0.22492976908862239  0.23594648131311424  0.24644193581240245  0.25625028095262825
  0.26576693456480877  0.27482285285227864  0.28365716527262624  0.29227881024138463
  0.30015401467140940  0.30786337575722061  0.31529107518682442  0.32244920104921626
  0.32950662317693369  0.33630576923623284  0.34308148258277871  0.34984285980578672
  0.35647466668218319  0.36310854070774795  0.36984856575490138  0.37678375723400892
  0.38368239917162733  0.39038788308047140  0.39678385032146335  0.40287235396352705
  0.40896189693135976  0.41495542577696287  0.42100773704566918  0.42697423358373848
  0.43299228699648151  0.43900803451244508  0.44495290789610725  0.45083476606109246
  0.45664006986903583  0.46253198828727604  0.46845548522601610  0.47440747953176721
  0.48032093410535137  0.48614411664708768  0.49195273830844694  0.49770397125174454
  0.50357409768844441  0.50921332341974002  0.51484449367559815  0.52053257165961242
  0.52627012685041774  0.53216162742604167  0.53820117228325370  0.54420648035838781
  0.55020146177132589  0.55611332251045531  0.56201204038196018  0.56807116809273484
  0.57422564336969728  0.58040632972101336  0.58640990708211449  0.59216067858810983
  0.59777656276319591  0.60344710787788680  0.60959248485440765  0.61602499552685175
  0.62242821813097804  0.62875726082270211  0.63510110110624762  0.64159519896517214
  0.64849535359576205  0.65576153875907051  0.66301387946894419  0.67024298384460201
  0.67760971336204068  0.68515769456650255  0.69275997648974197  0.70048865329678733
  0.70823386693726198  0.71626580958774955  0.72478217502461328  0.73387796399409300
  0.74362074280623380  0.75350762734988563  0.76353885279323319  0.77419803283186006
  0.78575939673708906  0.79858346552347859  0.81258027835438018  0.82797070559559083
  0.84532775990586295  0.86689371813201388  0.90139328917063932  1.00000000000000000
   1.8549960821018974E-003  -1.0000000000000000     
 F F F F F F F F F F F F F F F F F F F F F F F F F F F F F F F F F F F F F F F F F F F F F F F F F F F F F F F F F F F F F F F F F F F F F F F F F F F F F F F F F F F F F F F F F F F F F F F F
  <DiscreteSampler_grid>
  grouped_processes
  1 # 1 for a reference and 2 for a running grid.
  10 # Attribute 'min_bin_probing_points' of the grid.
  1 # Attribute 'grid_mode' of the grid. 1=='default',2=='initialization'
  0.0000000000000000 # Attribute 'small_contrib_threshold' of the grid.
  0.5000000000000000 # Attribute 'damping_power' of the grid.
 # binID   n_entries weight   weight_sqr   abs_weight
    10   10   1.329585216751926E+006   1.272121838103786E+013   1.329585216751926E+006
    16   10   1.329585216751926E+006   1.272121838103786E+013   1.329585216751926E+006
  </DiscreteSampler_grid>
