  0.00000295562089749  0.00000302076621316  0.00000309878460943  0.00000318247500206
  0.00000326415787730  0.00000335170892713  0.00000344724855755  0.00000354601658720
  0.00000364329442651  0.00000374954963617  0.00000389272714493  0.00000403822799992
  0.00000418473683482  0.00000432902092850  0.00000448990486058  0.00000466325139604
  0.00000485016098868  0.00000506723863603  0.00000529490479941  0.00000552720008008
  0.00000577368933729  0.00000605559851567  0.00000636798698756  0.00000669336878598
  0.00000703994216441  0.00000741076013875  0.00000779053162966  0.00000819806816625
  0.00000863183144767  0.00000908041751087  0.00000956286242857  0.00001008447001897
  0.00001062610912537  0.00001122716153899  0.00001184631310077  0.00001249050302633
  0.00001317681598375  0.00001389910521728  0.00001468571674328  0.00001554542379730
  0.00001638485652160  0.00001728875399334  0.00001821788186496  0.00001918770882213
  0.00002024823699974  0.00002137858318161  0.00002257469532960  0.00002388122388119
  0.00002528320418117  0.00002674294202462  0.00002839902915705  0.00003007306142842
  0.00003191665796396  0.00003389364461961  0.00003602731659405  0.00003827358043714
  0.00004064010589872  0.00004312944884476  0.00004581826392480  0.00004865496905777
  0.00005173061296504  0.00005508444529297  0.00005885655984804  0.00006295964459181
  0.00006718795411434  0.00007164214519433  0.00007615090510232  0.00008120331633391
  0.00008648385902480  0.00009201004959932  0.00009781321420604  0.00010399805843371
  0.00011122342781596  0.00011917768913325  0.00012794530564797  0.00013760170267289
  0.00014887886450172  0.00016207242066323  0.00017719477436953  0.00019340783678181
  0.00021158662457729  0.00023319987028730  0.00026067093181173  0.00029732618138160
  0.00034700061262295  0.00040402392868666  0.00046922349645417  0.00055924612206884
  0.00069197066588210  0.00086256037576005  0.00105658909820827  0.00129774915105525
  0.00176252982463562  0.00268705068872071  0.24213083066730934  1.00000000000000000
  0.00000254223248710  0.00000274505483593  0.00000293790473606  0.00000312146455238
  0.00000330097387984  0.00000348771497011  0.00000368058721911  0.00000388766533664
  0.00000410745280052  0.00000433546182290  0.00000457852505270  0.00000483260133892
  0.00000511322921505  0.00000542361454045  0.00000575211679771  0.00000610617234491
  0.00000646216614529  0.00000682140979762  0.00000719877188878  0.00000758841196208
  0.00000800455632935  0.00000844201947519  0.00000889351837220  0.00000937410938399
  0.00000988845965490  0.00001042489952173  0.00001098726585419  0.00001157738284839
  0.00001217369742059  0.00001281385486983  0.00001351577105119  0.00001423844296745
  0.00001501678159159  0.00001581769408702  0.00001663321617467  0.00001748249688619
  0.00001833371407241  0.00001918431012800  0.00002009897571235  0.00002105908310368
  0.00002209273419699  0.00002323385137479  0.00002447798090309  0.00002568535293565
  0.00002698501880277  0.00002831442051971  0.00002971190558775  0.00003119907733409
  0.00003280520969269  0.00003447379323392  0.00003624566443044  0.00003815951179197
  0.00004012834318646  0.00004219807498004  0.00004446027565231  0.00004677717889701
  0.00004935490917248  0.00005209289308191  0.00005490865041161  0.00005784244867735
  0.00006093255212744  0.00006404209707607  0.00006761580423070  0.00007142891722635
  0.00007538975626366  0.00007965402206239  0.00008428763094194  0.00008950765356982
  0.00009550058668582  0.00010198810517069  0.00010919600766238  0.00011653136145354
  0.00012538654905269  0.00013385009063951  0.00014325807339988  0.00015209537621365
  0.00016039967171771  0.00017091977441681  0.00018234131213503  0.00019708423714173
  0.00021640490398807  0.00023700883920719  0.00026055690830899  0.00028653834728517
  0.00031654446072742  0.00035404281289027  0.00040139430115505  0.00046422684464477
  0.00053650091739934  0.00063247206258249  0.00077215850197111  0.00095841315585743
  0.00116913377415326  0.00152042869155253  0.07189149304316680  1.00000000000000000
 -0.00224228955674135  0.00942507830213443  0.01909795094274286  0.02906084381469104
  0.03891739645934970  0.04916757902369993  0.05890593296510503  0.06893971085997608
  0.07889712843949691  0.08867248853101969  0.09848496695516576  0.10870244152914231
  0.11963140595851690  0.13051767642189088  0.14117876394284948  0.15225541145066487
  0.16356306753846692  0.17439916075965142  0.18491656117585983  0.19546473249256865
  0.20605422087977351  0.21640041088299183  0.22678660466523073  0.23713553543688451
  0.24783150367444332  0.25869199496970446  0.26931416614938597  0.27972016691376766
  0.29004343622259637  0.30088852977845026  0.31206020966003589  0.32330001206328529
  0.33420484615001578  0.34457144631443659  0.35496806911676626  0.36540883307404493
  0.37559603750352927  0.38587658030644884  0.39633363097925722  0.40706932555601733
  0.41762625954055416  0.42821763401622615  0.43893402796664699  0.44990223217518038
  0.46091774905499178  0.47196033036084178  0.48289811419771600  0.49379135036930505
  0.50440727095796434  0.51493787676612413  0.52524711470443919  0.53576334441745721
  0.54623865692241158  0.55619158240024169  0.56600516380790811  0.57622346253754064
  0.58738605502546470  0.59886402723952592  0.61007585224081762  0.62100068388962193
  0.63218952446852594  0.64358177186178589  0.65477948497614902  0.66546816979966783
  0.67631115785750295  0.68723131742751198  0.69844462645814132  0.70928379363648519
  0.71991994975110762  0.72998359619612285  0.73999973313258338  0.75036976389487653
  0.76102363527720385  0.77175711772899458  0.78236425197427095  0.79310217802636129
  0.80405906389715909  0.81470666396691849  0.82495515359553084  0.83495141671297124
  0.84513791369729829  0.85592787863732434  0.86688475896330630  0.87766310880587606
  0.88838869469121262  0.89898700609864890  0.90959996206730898  0.92003523422183420
  0.92978962461641457  0.93927220365259212  0.94878802630708259  0.95831375420387410
  0.96835678928078261  0.97874819787083456  0.98902368878201363  1.00000000000000000
  0.00000349419617008  0.00007072755955975  0.00013796092294941  0.00020519428633908
  0.00028158958917343  0.00035826612232898  0.00043179780239632  0.00048618339801275
  0.00054056899362919  0.00058655332886058  0.00062792724208853  0.00067066475189770
  0.00071477389169139  0.00075923214186213  0.00080406178405618  0.00084896523593282
  0.00089394164265149  0.00093886918242140  0.00098375299486866  0.00103725913066888
  0.00109786219482205  0.00115684422921543  0.00121419465037840  0.00127143470166531
  0.00132842939906679  0.00138560028025047  0.00144421868401619  0.00150283708778191
  0.00156668540313656  0.00163070809456746  0.00169826332395714  0.00176628316776534
  0.00183537630610155  0.00190456711836211  0.00197794322266802  0.00205196616700446
  0.00213000225428237  0.00220896333392746  0.00229097525453966  0.00237390610608228
  0.00245804483425647  0.00254852381369715  0.00264202773781672  0.00273270495360277
  0.00282369390226199  0.00291993102193669  0.00302305202749639  0.00313886927852257
  0.00327096800192342  0.00339991915136032  0.00352268783815377  0.00363737182142201
  0.00375685496953714  0.00388257127403050  0.00402698414281664  0.00416709801644128
  0.00429972780909380  0.00443002852714061  0.00456612209748371  0.00473443502575223
  0.00496257687850884  0.00517082704160143  0.00533282264304635  0.00547896513750592
  0.00562645559401789  0.00578481228859696  0.00594406589672888  0.00610933099373668
  0.00628011918622324  0.00644432738605435  0.00663376101966284  0.00682622924563937
  0.00701902576752406  0.00721906112802211  0.00745481769860414  0.00782221643080508
  0.00819651960927519  0.00854706474883268  0.00881819116364286  0.00912608974608553
  0.00948576251229905  0.00996060531245457  0.01086147102743260  0.01118532634499181
  0.01149294417954798  0.01186360825874923  0.01281090981854491  0.01331657210754536
  0.01368520803773573  0.01405930411520175  0.01540272219336239  0.01807997116605112
  0.01888122662444696  0.01999384478702999  0.20686207923319286  1.00000000000000000
 -0.00216394373709268  0.00968651545054380  0.01904737058992471  0.02818355133909381
  0.03717836910288449  0.04616093958900730  0.05520044769513063  0.06395517422793875
  0.07280717726394673  0.08193589184246344  0.09164528302247656  0.10185642542373387
  0.11231190170050695  0.12272216416898547  0.13314906666473031  0.14382167139347896
  0.15467829068255454  0.16525498360587065  0.17544149339576193  0.18562370994596891
  0.19620518885266369  0.20714345059369696  0.21796350694145106  0.22882478285278690
  0.23989078410435616  0.25101918033885778  0.26181135746767964  0.27252455686991206
  0.28349042731330226  0.29444464030893619  0.30537332839004416  0.31651628221936229
  0.32783730089634555  0.33918852220197321  0.35041400121925292  0.36191437554540901
  0.37364387916730957  0.38531402342836790  0.39694276354857649  0.40864093172284954
  0.42029919086370926  0.43182455461881047  0.44292337102414397  0.45436847224553695
  0.46604888911575226  0.47826302545117549  0.48975785968977736  0.50000996233445849
  0.50972815678274952  0.51931775028329630  0.53044017232303375  0.54207851235710369
  0.55427835782613566  0.56622471311090772  0.57786990695801566  0.58951998287318397
  0.60151089403242219  0.61382668641893989  0.62583536244394455  0.63746517509955447
  0.64766945481445048  0.65696794736687136  0.66640810378091286  0.67654220803822662
  0.68813358558731585  0.69939829537628784  0.71087825455160070  0.72236953009450933
  0.73365878349057778  0.74463963256549137  0.75558029308596264  0.76662445132741397
  0.77728164658601118  0.78786991845475884  0.79836020102712990  0.80867694117546884
  0.81887239258576017  0.82908909071516379  0.83928227211971373  0.84966974317909572
  0.85974983810516548  0.86984553130345343  0.87971085388678594  0.88963093737800059
  0.89927596701929469  0.90910797951785605  0.91863360840200736  0.92773081731291995
  0.93661310052911984  0.94557714914073854  0.95482649474002657  0.96409816465589626
  0.97332948740465097  0.98243157274971060  0.99127151715065132  1.00000000000000000
  0.06354296014487679  0.13413545751558134  0.14327421963476741  0.15427896757060119
  0.16588331619191179  0.17795534040597341  0.18965263880609073  0.20058010002506746
  0.21049573995630644  0.21913844212055009  0.22766431083322367  0.23657326914713669
  0.24578371915542427  0.25468401342364710  0.26354176032508531  0.27300919896526571
  0.28294519999589557  0.29271064423318571  0.30198862442382818  0.31110604857249236
  0.32024071541431121  0.32948025045834700  0.33879128774322620  0.34812912565897086
  0.35782875648367973  0.36790659147571342  0.37792424677934228  0.38759733177799888
  0.39676918694255248  0.40577979334874575  0.41478979955986417  0.42372498188631452
  0.43255505265759298  0.44138192888183575  0.45052266233867283  0.45981438247251916
  0.46949986991481973  0.47889880233122117  0.48815529463891505  0.49720656404359653
  0.50629017526932341  0.51531564716736677  0.52425148085545836  0.53311996003699869
  0.54186441003772734  0.55061586049658817  0.55944114483568819  0.56849135461527867
  0.57754405290151423  0.58625977711406674  0.59481633344238072  0.60324618847983258
  0.61170838727234700  0.62017733760508487  0.62884393420190665  0.63778132712279123
  0.64682525934895096  0.65577637697826618  0.66447760963739311  0.67294527438413110
  0.68128960112416159  0.68962914815335519  0.69803624487597182  0.70641363331065010
  0.71464324898280729  0.72274894072245455  0.73092963260088484  0.73938272342156430
  0.74787099238525323  0.75636412516963636  0.76481612425682655  0.77331832067897432
  0.78182679951198963  0.79026144357875716  0.79867469224910403  0.80717784885721422
  0.81583436552671684  0.82440799106437912  0.83257610535469195  0.84012282771475622
  0.84732920583765647  0.85435688524909070  0.86159106444255740  0.86888778952265344
  0.87645699975070934  0.88432755325341461  0.89263665802620118  0.90139207332829285
  0.91075309962975148  0.92031260008556715  0.93026670219961272  0.94070293149498241
  0.95182087413623506  0.96395427417401569  0.97897850651929430  1.00000000000000000
 -0.01683879052152163  0.09990486433384206  0.13429328640780705  0.15568405426596557
  0.17340865250354789  0.18893864042738726  0.20286463072462399  0.21551088439813593
  0.22723904190244509  0.23814477328828210  0.24832030309797160  0.25813077941865081
  0.26769575414529911  0.27678568590496200  0.28554657985740561  0.29383734102941322
  0.30162278290609201  0.30893276786227292  0.31598541471986374  0.32302451056955128
  0.33026766938757601  0.33781956739610813  0.34531743567580192  0.35250829304746972
  0.35933571880054260  0.36601432719352267  0.37281861281800599  0.37962640641122236
  0.38628948027615279  0.39272184174487546  0.39897193322780800  0.40526945548349863
  0.41161394071919649  0.41765318197578716  0.42355046099633059  0.42924112632595107
  0.43479315527594492  0.44042172893957304  0.44609707384594743  0.45202008523457265
  0.45824557703161933  0.46437995020868322  0.47029911567498756  0.47628480349626368
  0.48212411461050320  0.48787217461083038  0.49360956533204353  0.49924459682685984
  0.50477040102368353  0.51021861081013353  0.51564883206621304  0.52111767940931997
  0.52667626372729959  0.53237997222092037  0.53814721255724862  0.54402225649312441
  0.54999657126500667  0.55559185870062855  0.56117182714261737  0.56663790726432361
  0.57227930535644034  0.57809417393269946  0.58417630466180526  0.59056479742746792
  0.59704819662738073  0.60338968100013213  0.60962052990150006  0.61588531515023903
  0.62226632093404544  0.62884854044911775  0.63560354724554669  0.64245730180093297
  0.64942386523885176  0.65629422143575200  0.66313454563894936  0.67012129239960161
  0.67743188345365468  0.68488862668849815  0.69234096613909712  0.70038092378348660
  0.70888095606028512  0.71788260516039348  0.72707896781233039  0.73642158819221792
  0.74576495020354117  0.75516650612394765  0.76504060468558965  0.77579638461795397
  0.78679184000348490  0.79847637554770612  0.81177468965256983  0.82727223008994877
  0.84475398847762384  0.86538198902017793  0.89810572317578563  1.00000000000000000
   1.8727552867498405E-003  -1.0000000000000000     
 F F F F F F F F F F F F F F F F F F F F F F F F F F F F F F F F F F F F F F F F F F F F F F F F F F F F F F F F F F F F F F F F F F F F F F F F F F F F F F F F F F F F F F F F F F F F F F F F
  <DiscreteSampler_grid>
  grouped_processes
  1 # 1 for a reference and 2 for a running grid.
  10 # Attribute 'min_bin_probing_points' of the grid.
  1 # Attribute 'grid_mode' of the grid. 1=='default',2=='initialization'
  0.0000000000000000 # Attribute 'small_contrib_threshold' of the grid.
  0.5000000000000000 # Attribute 'damping_power' of the grid.
 # binID   n_entries weight   weight_sqr   abs_weight
    10   10   4.012023218092626E+005   3.981458000342413E+011   4.012023218092626E+005
    16   10   4.012023218092626E+005   3.981458000342411E+011   4.012023218092626E+005
  </DiscreteSampler_grid>
