  0.00000276873161184  0.00000292383281446  0.00000301315865277  0.00000308053995798
  0.00000315744466199  0.00000325450742121  0.00000336482968643  0.00000347635165127
  0.00000358935566207  0.00000371324980217  0.00000385174207512  0.00000400047595813
  0.00000415034565234  0.00000429615158367  0.00000444704167983  0.00000461471301961
  0.00000478586520115  0.00000496764507881  0.00000518265622267  0.00000542091846900
  0.00000567032851158  0.00000593794683798  0.00000623144506263  0.00000652906795539
  0.00000683613458787  0.00000718267310154  0.00000753393288370  0.00000792176089129
  0.00000834633905613  0.00000879876671648  0.00000927351904170  0.00000979094958631
  0.00001031014937284  0.00001086484502322  0.00001145052357097  0.00001205810381178
  0.00001270143442228  0.00001338222466947  0.00001408660117949  0.00001482716957924
  0.00001562745573013  0.00001643741120781  0.00001730577139013  0.00001821639838405
  0.00001914032439062  0.00002019064684203  0.00002130000912062  0.00002247051624957
  0.00002371504326886  0.00002502581048407  0.00002639649431833  0.00002793976455429
  0.00002951571054056  0.00003124231595964  0.00003309341093182  0.00003506578686308
  0.00003716720227546  0.00003938342649139  0.00004173016161290  0.00004425542233450
  0.00004696612083212  0.00004996600795112  0.00005325130880553  0.00005682026201310
  0.00006066599234696  0.00006461441777518  0.00006872151139597  0.00007304164838123
  0.00007772187840683  0.00008296599775990  0.00008856984232947  0.00009487921349609
  0.00010155413213480  0.00010903880964819  0.00011734456347275  0.00012639951937037
  0.00013581637090486  0.00014631338126204  0.00015808516189047  0.00017218986882107
  0.00018939912589464  0.00020930721986825  0.00023187845874588  0.00025721836587565
  0.00028941563617184  0.00032633802575469  0.00036600222370511  0.00040651795193202
  0.00045172178251048  0.00051643024194274  0.00061613189512888  0.00075474916073255
  0.00093865824629479  0.00118596288932861  0.09693902231014816  1.00000000000000000
  0.00000258401617669  0.00000288039997235  0.00000307462608974  0.00000325114530151
  0.00000343675883701  0.00000363321110067  0.00000386031376177  0.00000409569179694
  0.00000433050033076  0.00000458714676955  0.00000485103060712  0.00000513838049824
  0.00000544191962751  0.00000576156254353  0.00000609888542699  0.00000645023868401
  0.00000680651133957  0.00000717742681020  0.00000755257850136  0.00000794631478167
  0.00000837048228219  0.00000881458942522  0.00000928707569796  0.00000979244141479
  0.00001031551432042  0.00001085962425323  0.00001143712744678  0.00001203351910391
  0.00001264613777547  0.00001329718271687  0.00001395941138896  0.00001465809990245
  0.00001541390183401  0.00001618096532876  0.00001697945904954  0.00001784957318603
  0.00001871935132495  0.00001964752056885  0.00002062864897675  0.00002163930682701
  0.00002270109055347  0.00002385358301003  0.00002509137396515  0.00002638553331223
  0.00002779016090336  0.00002922400396693  0.00003071516938663  0.00003231809705238
  0.00003397622060484  0.00003568662548483  0.00003751832088097  0.00003940336553363
  0.00004139828936645  0.00004361101695455  0.00004590361564379  0.00004830225493167
  0.00005088175930415  0.00005362414564591  0.00005655245767413  0.00005974051857160
  0.00006303808371671  0.00006647044274751  0.00007016279521389  0.00007358503156753
  0.00007739656679255  0.00008139707226578  0.00008564827877914  0.00009052526880336
  0.00009623562805443  0.00010209671452299  0.00010906245882102  0.00011603877932021
  0.00012427541405332  0.00013276083032844  0.00014232490341451  0.00015232409840725
  0.00016402908716180  0.00017809090256643  0.00019371733491535  0.00021153162471330
  0.00023333821859543  0.00025869678625572  0.00028815723160061  0.00032057444602389
  0.00035478772287267  0.00039489123230588  0.00045269395106608  0.00052479449116449
  0.00061752888979645  0.00073354621996190  0.00088804461395863  0.00108292140749703
  0.00134769231936139  0.00187558406685484  0.48310557235675788  1.00000000000000000
 -0.00244895101810693  0.00918621040954185  0.01955330243405242  0.02947183475160650
  0.03964534368267406  0.04949857882942552  0.06020439871628896  0.07076863048141681
  0.08097922086195190  0.09098135132698382  0.10095264689383238  0.11146111412604218
  0.12179807709618515  0.13216690098529757  0.14257315359042078  0.15295065961333237
  0.16355685445687237  0.17380296093097025  0.18403944823143231  0.19366153046661846
  0.20344781964644876  0.21318505770650220  0.22341947854918454  0.23407978311584837
  0.24527579828555260  0.25679963460106719  0.26819389576687280  0.27885817554571252
  0.28884855556902678  0.29889848104225275  0.30961413352233924  0.32096035678842683
  0.33239102712874047  0.34351986251233102  0.35433007068322775  0.36438261309915182
  0.37437960405730047  0.38446185104742142  0.39459724099957699  0.40501404343931519
  0.41592252570346394  0.42668678805201016  0.43721744224835735  0.44778406779716784
  0.45786153599043006  0.46802960611450706  0.47858104561015979  0.49029004044376956
  0.50154469578369498  0.51176096402810034  0.52186525203012268  0.53226246600734650
  0.54266341503834825  0.55285172425924223  0.56293083290385293  0.57374163438268466
  0.58457887208461479  0.59587179488717168  0.60660372118598493  0.61734440357548548
  0.62791303844895274  0.63853186152751362  0.64911656851673061  0.65961624231303606
  0.67056484962501306  0.68174216824800382  0.69269141798290801  0.70315018632329396
  0.71343603856705706  0.72362749603994314  0.73402658212933403  0.74406044216718203
  0.75418498976404669  0.76409676850099928  0.77433152709229913  0.78471022416789959
  0.79535786406091225  0.80641815882912926  0.81721466622750261  0.82749688516231301
  0.83783350510730392  0.84859608910160700  0.85942007302234991  0.87028760741230127
  0.88116868932700698  0.89231538559184864  0.90323363313196159  0.91373707473162891
  0.92423111521712309  0.93497730489063047  0.94612177820668142  0.95763003803807289
  0.96795615636944199  0.97841067102615364  0.98856833722967818  1.00000000000000000
  0.00000711899681510  0.00005629832480777  0.00010547765280045  0.00016537659874356
  0.00024357285981302  0.00032176912088248  0.00040109445658830  0.00048073992281125
  0.00054301963008983  0.00058261608679391  0.00062387370821020  0.00066841670493154
  0.00071287042727944  0.00075722388012295  0.00080239142218908  0.00084810577594251
  0.00089429898985125  0.00094062635975776  0.00098779420329600  0.00103810363832753
  0.00109904781462328  0.00116067421178009  0.00122344783075387  0.00128615179193187
  0.00134879596199366  0.00141288854455363  0.00147760330306349  0.00154344443923559
  0.00160981567940658  0.00167959101353468  0.00175046442520909  0.00182348538333258
  0.00189917097634991  0.00197639151435524  0.00205498447561639  0.00213649673115881
  0.00222217742186159  0.00230721064088069  0.00239369150942971  0.00248676007776077
  0.00258063949527918  0.00267566137017913  0.00277403455833596  0.00287077385665586
  0.00296682751693086  0.00306323871204132  0.00316528786496545  0.00327182861656006
  0.00338829749670451  0.00352045006390029  0.00366977702733244  0.00382303142951204
  0.00396109473165730  0.00406729868770755  0.00417738396297532  0.00429083209182034
  0.00440119978769505  0.00452168259999012  0.00467108753321361  0.00485097438224835
  0.00510327450360869  0.00532222403849117  0.00550202419040571  0.00566706464712862
  0.00582622477372585  0.00599154557304277  0.00616496318179911  0.00635823849092747
  0.00660115126221615  0.00682763130539038  0.00704479787135635  0.00726466431606170
  0.00755669229315577  0.00799915155667432  0.00848726540981016  0.00884817286654778
  0.00914204548338113  0.00939578622392284  0.00964897082197614  0.00989021130772907
  0.01028854828483656  0.01091015446853295  0.01215068532299489  0.01250691487205057
  0.01283136640397865  0.01366868770611124  0.01567146947144835  0.01699873573455429
  0.01787885100093875  0.01869162041447570  0.01988174652217489  0.02119410544281098
  0.02279242780787802  0.02435244031601696  0.47839467930241619  1.00000000000000000
 -0.00204166294824031  0.00944489448380798  0.01925517457416262  0.02876332990232389
  0.03839977344330373  0.04762569877062840  0.05672034596021473  0.06561866581876538
  0.07471973318146216  0.08420927636229666  0.09375358778135703  0.10326847323319119
  0.11302283726521437  0.12288687948844769  0.13274551473664364  0.14246653776085363
  0.15231112331799299  0.16230624208345082  0.17208725595260294  0.18180007756940245
  0.19107797857658135  0.20008122368520068  0.20906326582517543  0.21827873824670582
  0.22859672064958508  0.23926963063878695  0.25019706354913940  0.26140296521321965
  0.27285619034358061  0.28449331087389940  0.29634066873270265  0.30807451011474896
  0.31950394413999522  0.33086346026304264  0.34201816091400666  0.35314039558398796
  0.36448089994505362  0.37577766949430430  0.38703991156886802  0.39817171181401784
  0.40925502022209176  0.42005396337603229  0.43093713278099333  0.44228879027915358
  0.45434182761307512  0.46603972398839283  0.47785100474816317  0.48958261590003488
  0.50149188091257790  0.51278959678918856  0.52372064078010994  0.53488268714044873
  0.54612474396042554  0.55768234317726406  0.56938179950761358  0.58099704837010779
  0.59255677355662950  0.60425472592117691  0.61645381348216266  0.62876556410937967
  0.64099578532614954  0.65321402025066988  0.66530090455985336  0.67751514873422414
  0.68961890186998043  0.70129604198410922  0.71241984502570432  0.72311930968684512
  0.73386459772030843  0.74443936718926973  0.75494716335975398  0.76531223846149643
  0.77611257585262439  0.78672613037364092  0.79682617891385210  0.80670099965378794
  0.81662970393522794  0.82691467751132008  0.83715868091321044  0.84739597587563464
  0.85724752196883691  0.86676328246533052  0.87635147664964830  0.88609447535044938
  0.89564999581372828  0.90494461373802082  0.91404780919173978  0.92339814386142904
  0.93300058702576272  0.94279659162451501  0.95260330274495986  0.96250442537298586
  0.97201984275095898  0.98149057594540501  0.99060729953652138  1.00000000000000000
  0.08739335509297831  0.13582897900115420  0.15277240394158859  0.16492192201583747
  0.17660180796222738  0.18780699747126070  0.19855953275376992  0.20907305637682169
  0.21982585450008149  0.23027705741784499  0.24010459936919767  0.24950016108980635
  0.25895545972285583  0.26849919027456765  0.27741618332096574  0.28568487790869723
  0.29405925953849388  0.30296465174582166  0.31203707269587444  0.32085512320710341
  0.32965996347051302  0.33889607835043722  0.34824102128719403  0.35720715817601989
  0.36592558799467528  0.37466594861835512  0.38361923389471209  0.39258557599796329
  0.40138499951779333  0.41019788526158657  0.41922300941229002  0.42844337224049983
  0.43774133835335755  0.44700691157803318  0.45620880311230327  0.46517233064527613
  0.47401072872754091  0.48304166603248883  0.49225980951491993  0.50134823187445143
  0.51022049384749124  0.51910965538702791  0.52803272306990401  0.53693281322048469
  0.54565494067230014  0.55412614919936720  0.56248210316674763  0.57084695400460717
  0.57926340818150801  0.58762681832503638  0.59602693196676493  0.60457262809061885
  0.61331184818746642  0.62216516460960525  0.63098656905983197  0.63977534639471578
  0.64844990052124740  0.65694612069317992  0.66534088991113172  0.67366019706146152
  0.68196311908419049  0.69026423456911978  0.69847905147160083  0.70664897486830591
  0.71483628833677393  0.72305404122452055  0.73134881884704872  0.73964294131383734
  0.74794028572721982  0.75632096926137016  0.76485992266286462  0.77340399777731128
  0.78195803899057037  0.79038191336968600  0.79871589439843516  0.80706508876363703
  0.81536117224520199  0.82359154039127180  0.83165842419676927  0.83946052952345074
  0.84669656470755050  0.85373389802060140  0.86073645730314474  0.86785532438806834
  0.87541980640353834  0.88349882005640545  0.89156293218708116  0.90000336279873372
  0.90876521333948290  0.91817352449943712  0.92815003763042225  0.93887289342137814
  0.95078777810947368  0.96422415909963377  0.98064598293731375  1.00000000000000000
 -0.01724853393750936  0.10108878026194952  0.13530559898564479  0.15631430209330732
  0.17338469890867758  0.18812692291737890  0.20134240210967594  0.21347050335493176
  0.22487752601553365  0.23530443305208507  0.24505314269519296  0.25406243985904198
  0.26282380608026296  0.27150817722229648  0.28023027023381808  0.28883413300512750
  0.29723721311610612  0.30512735664315166  0.31263044341996171  0.31986763982662225
  0.32712250562401979  0.33434861787978193  0.34153997277630166  0.34860093872358638
  0.35560256936077633  0.36250351514069928  0.36936484525277696  0.37627253838378333
  0.38309428542937940  0.38981837022206500  0.39636267119899826  0.40248759617929181
  0.40864082969219834  0.41485103477648089  0.42108057207109773  0.42725175232378831
  0.43321280929547434  0.43904423835178985  0.44435618638190710  0.44959315135473088
  0.45480519647799666  0.46008313257615790  0.46564405909222956  0.47142833367601517
  0.47726340829160202  0.48318306232617969  0.48920625342394225  0.49506305604979628
  0.50100502895740506  0.50681739798356362  0.51267909569786740  0.51850258605008570
  0.52424419016476964  0.52988825761845404  0.53558501320869845  0.54140295231605107
  0.54729310089902494  0.55319710144527956  0.55910927810350741  0.56496266750853286
  0.57093210238139236  0.57696418315027553  0.58308243341036614  0.58911093433106609
  0.59510165327526132  0.60119066593964177  0.60753997798205051  0.61424326631411996
  0.62118201637225900  0.62823007407965870  0.63536504600945443  0.64253013802688286
  0.64977064617832170  0.65708600363369429  0.66433765777101528  0.67163748171303117
  0.67883028682073354  0.68611093453404481  0.69355506023877633  0.70119794720801276
  0.70904812626585079  0.71738307582247707  0.72588674317286339  0.73464790765018972
  0.74374687545580243  0.75341129559289077  0.76384423576112026  0.77501168334556569
  0.78708922264677694  0.80003697374460037  0.81394524526394951  0.82937326061261163
  0.84758606072505172  0.86973121522023411  0.90445531988713235  1.00000000000000000
   1.9058586570620498E-003  -1.0000000000000000     
 F F F F F F F F F F F F F F F F F F F F F F F F F F F F F F F F F F F F F F F F F F F F F F F F F F F F F F F F F F F F F F F F F F F F F F F F F F F F F F F F F F F F F F F F F F F F F F F F
  <DiscreteSampler_grid>
  grouped_processes
  1 # 1 for a reference and 2 for a running grid.
  10 # Attribute 'min_bin_probing_points' of the grid.
  1 # Attribute 'grid_mode' of the grid. 1=='default',2=='initialization'
  0.0000000000000000 # Attribute 'small_contrib_threshold' of the grid.
  0.5000000000000000 # Attribute 'damping_power' of the grid.
 # binID   n_entries weight   weight_sqr   abs_weight
    10   10   3.555269032429896E+005   3.659380080859557E+011   3.555269032429896E+005
    16   10   3.555269032429896E+005   3.659380080859557E+011   3.555269032429896E+005
  </DiscreteSampler_grid>
