  0.00000263709377346  0.00000298067438043  0.00000316522121673  0.00000324114224280
  0.00000333510965330  0.00000344975654961  0.00000358397329563  0.00000373096261920
  0.00000388407302075  0.00000404330538510  0.00000420953965433  0.00000436349634758
  0.00000454058981507  0.00000473137869544  0.00000491688244887  0.00000514796533577
  0.00000539886244278  0.00000564388151333  0.00000589481498985  0.00000616006494141
  0.00000643349193566  0.00000672831546907  0.00000705856445798  0.00000741385858837
  0.00000778443663048  0.00000818121691296  0.00000860413073386  0.00000903968740599
  0.00000953258603753  0.00001003691593056  0.00001056472628436  0.00001112557290102
  0.00001171891751736  0.00001234746822436  0.00001302297246302  0.00001372336577529
  0.00001446173324241  0.00001526680539270  0.00001613045024292  0.00001703606025590
  0.00001798619055699  0.00001897165754826  0.00002001712439220  0.00002115769709617
  0.00002230507658246  0.00002355711728150  0.00002492019110462  0.00002632695048954
  0.00002789606442398  0.00002947635079227  0.00003121405474197  0.00003307219989330
  0.00003496749696702  0.00003690162272203  0.00003895903571201  0.00004120513481460
  0.00004370340802113  0.00004637130265343  0.00004919106385427  0.00005223127314651
  0.00005550205818496  0.00005902632569251  0.00006265639537603  0.00006659262682456
  0.00007102023471498  0.00007592508777885  0.00008146629743675  0.00008736985424193
  0.00009402627828873  0.00010128023268421  0.00010917433937774  0.00011748192016723
  0.00012664641975925  0.00013584549695497  0.00014558407867492  0.00015665724712556
  0.00017002490802067  0.00018725582462458  0.00020541745446311  0.00022552389602928
  0.00024787762958267  0.00027262074236572  0.00030169546413108  0.00033770959573234
  0.00038454573420084  0.00043171755891921  0.00048952733770988  0.00056604126684928
  0.00066216094653922  0.00078209732645021  0.00096028472155037  0.00119687169814582
  0.00153875782251000  0.00244303565621810  0.01972009862866651  1.00000000000000000
  0.00000246132718663  0.00000277734330031  0.00000299769877668  0.00000321754226934
  0.00000344453958042  0.00000367214693883  0.00000390929482393  0.00000413884855166
  0.00000437997308404  0.00000462986341670  0.00000488150530519  0.00000514228833883
  0.00000542361551389  0.00000570868971016  0.00000602978351365  0.00000635625744090
  0.00000669507727799  0.00000705387660505  0.00000744814802049  0.00000785277534809
  0.00000827566623004  0.00000869409715435  0.00000912773456480  0.00000959717919937
  0.00001009380177762  0.00001061481769135  0.00001116103746644  0.00001172050854326
  0.00001230199799593  0.00001293547187783  0.00001361428688199  0.00001432367891252
  0.00001505268847917  0.00001582637674898  0.00001657358071477  0.00001744956934908
  0.00001837269767853  0.00001935238160110  0.00002036975194175  0.00002141601401822
  0.00002245773874769  0.00002354272391219  0.00002468056896346  0.00002585685838005
  0.00002711581485185  0.00002845111756110  0.00002985031089569  0.00003129354868772
  0.00003293301260309  0.00003454449618157  0.00003627651412640  0.00003811272825819
  0.00003999987041014  0.00004202902567509  0.00004426526640998  0.00004661472630947
  0.00004904880597383  0.00005151918608629  0.00005399138356658  0.00005661420635154
  0.00005946537683295  0.00006257312840550  0.00006599355075715  0.00006979447570293
  0.00007392029316366  0.00007860530448485  0.00008375236271473  0.00008887966526521
  0.00009456746730075  0.00010025245668323  0.00010660624282382  0.00011368690596088
  0.00012165886539107  0.00013030897456629  0.00013911839718112  0.00014972366246606
  0.00016191152348192  0.00017572068820832  0.00019088742093333  0.00020756129625506
  0.00022703034795320  0.00025353522483247  0.00029216298373563  0.00033963427215677
  0.00038254204406870  0.00043378483284211  0.00050315908395576  0.00058657481307097
  0.00069647942214591  0.00083625269759256  0.00102923159561590  0.00130746356657716
  0.00162449974935715  0.00213825635115217  0.01126751270318652  1.00000000000000000
 -0.00201976414891223  0.00947260680053328  0.01989281861780755  0.03057122924973752
  0.04153435504885817  0.05198864310649180  0.06224327176854782  0.07203191049079589
  0.08183278371234201  0.09182553885708122  0.10226931945286830  0.11298570154104008
  0.12290579003860319  0.13303028554632312  0.14271250503256086  0.15258495431238350
  0.16260937464478478  0.17360397575205916  0.18511072126882905  0.19648380520230499
  0.20766670066134202  0.21915928898564804  0.22997092105511205  0.24023763288691258
  0.25005031737351019  0.25996045673626728  0.27073650300034419  0.28173036646174138
  0.29260236984649851  0.30331793725876877  0.31407523793261771  0.32479864258029562
  0.33530495306109825  0.34550391215894388  0.35579626712255241  0.36610035674077407
  0.37664569735981768  0.38744684861875783  0.39829662649980491  0.40919228247033318
  0.42016082400938676  0.43125468214126483  0.44238538696374213  0.45327946380193956
  0.46378266349825892  0.47395318725841679  0.48396240532957552  0.49329561220925289
  0.50270938036173762  0.51230995672044988  0.52252076972026362  0.53315351886290674
  0.54358860809052645  0.55356711277378845  0.56335612599277662  0.57318435983254168
  0.58349229310691197  0.59417985366683246  0.60506270402697482  0.61624276407319478
  0.62750676551960638  0.63844469579084184  0.64894403565464065  0.65928040309914548
  0.66972640461158039  0.68014632671144148  0.69067876888853919  0.70084201121097667
  0.71147350492996453  0.72206297340872716  0.73315571140316949  0.74429912832541545
  0.75576227477677016  0.76710308685245998  0.77830902816606118  0.78956410383272613
  0.80110887960595922  0.81235408788920216  0.82352317002044906  0.83428665820234493
  0.84416950012541192  0.85385166568661042  0.86335433237109305  0.87357604285745794
  0.88375179963158890  0.89428259701587565  0.90536711638288647  0.91519835407391348
  0.92513998191803792  0.93541459875811006  0.94682163531507291  0.95793645380921333
  0.96885865427596041  0.97990741713911578  0.99009204955177410  1.00000000000000000
  0.00000376849756415  0.00006600452228630  0.00012824054700845  0.00019545158169995
  0.00027690203741367  0.00035835249312738  0.00043085245754951  0.00049908045275227
  0.00055726725145633  0.00060037790819827  0.00064469171059714  0.00069075714406934
  0.00073739515604243  0.00078451620452831  0.00083187855257819  0.00087933501286569
  0.00092648533306544  0.00097440342473769  0.00103077899316618  0.00108867570240292
  0.00115262842553910  0.00121648354466412  0.00128013412792495  0.00134510387775458
  0.00141177717339751  0.00148004207221600  0.00154922054271421  0.00162273846399657
  0.00169718884449555  0.00177229363977825  0.00184787072837412  0.00192451936409728
  0.00200827065323976  0.00209700731464374  0.00218544852186913  0.00227445399320161
  0.00236532775908313  0.00245888602408140  0.00255458370884966  0.00265515193246455
  0.00275541364142210  0.00285317115456949  0.00295075151460483  0.00304816493315083
  0.00314978878305191  0.00325326387431214  0.00336034368364573  0.00346781467587604
  0.00357553146301244  0.00368325135795985  0.00379371262140327  0.00390646678882108
  0.00402132678305276  0.00413730569148680  0.00425386389028040  0.00437079323215235
  0.00446156738795836  0.00455343973183805  0.00464917486129089  0.00474459092099309
  0.00483969597695724  0.00496999188367033  0.00512975018374794  0.00532623255453403
  0.00550889884327371  0.00568736555398971  0.00587647194845095  0.00613066797848663
  0.00640177105104048  0.00659359878166239  0.00676695694254264  0.00693775451161485
  0.00713412308407066  0.00734930141486380  0.00757257196361601  0.00781813363631532
  0.00807516417748296  0.00871722084483879  0.00910255955483119  0.00946351959357253
  0.01066357753630229  0.01113791874025036  0.01179920252147165  0.01284383629309231
  0.01449265083565602  0.01543750998033637  0.01665757000621887  0.01728440372572401
  0.01779202858202120  0.01850264894426453  0.01915106009915382  0.01970647849205521
  0.02032759497588699  0.02192249177849080  0.08836563028248690  1.00000000000000000
 -0.00239387253100399  0.00954927754528195  0.01880401197977384  0.02816464055681729
  0.03701427160547771  0.04613236154817894  0.05539779087105887  0.06459373345082982
  0.07405818575452294  0.08358106305337507  0.09345381133866705  0.10350526089726966
  0.11343264745907218  0.12319433372479492  0.13246009793350763  0.14133593982337561
  0.15025769870318806  0.15962927715853700  0.16976714257418937  0.18011312244148339
  0.19054461966026220  0.20109781948983779  0.21188830360736974  0.22264696874412360
  0.23341605332810803  0.24434952145134112  0.25537935287535124  0.26630841741115979
  0.27705332316466563  0.28777403546190650  0.29844967653137222  0.30923227328749076
  0.32055608385683115  0.33230792301451151  0.34409039309585110  0.35557560888047196
  0.36713591558017050  0.37904991489705037  0.39129365352833584  0.40362722926466299
  0.41551912618241277  0.42681796153965912  0.43768605962136092  0.44847076893599164
  0.45948162643791773  0.47104312330545672  0.48306527269159250  0.49511824979275176
  0.50659233108459234  0.51764240580782495  0.52862605447392952  0.53969716346162255
  0.55052209679237774  0.56126705181571501  0.57219936763417933  0.58314593429188621
  0.59428921603168328  0.60538976949344570  0.61724608732399633  0.62927947931721429
  0.64150265167498099  0.65355199673613917  0.66540716245907272  0.67709996810575446
  0.68881978853894499  0.70057208608285737  0.71194369766815790  0.72253401900831116
  0.73285418418612946  0.74310063211923560  0.75397627990849370  0.76453111822418574
  0.77506933648053566  0.78518828804925533  0.79528144735442186  0.80536790884703335
  0.81556265576760201  0.82596926812326810  0.83652148435602280  0.84632846806738149
  0.85563368853724897  0.86505609603347278  0.87508653935933567  0.88563313359645646
  0.89560864748164037  0.90552489493045585  0.91547769397643564  0.92539396084639736
  0.93509588774082042  0.94463767144334509  0.95411104774987165  0.96356022690222820
  0.97298636208379785  0.98230012990790128  0.99124435809271572  1.00000000000000000
  0.09799769008579552  0.10418265300895710  0.11233832348634108  0.12163638177283574
  0.13239174698373568  0.14508866728850478  0.15683383786087882  0.16708002653721091
  0.17694523035500026  0.18628434365219299  0.19513226556806659  0.20471839074884812
  0.21572425120989358  0.22778467017760962  0.23879132975545550  0.24912930956799070
  0.25963297537350355  0.27047540867531628  0.28151215898810300  0.29213586993442764
  0.30210325745995803  0.31216056092117583  0.32260263635348513  0.33269193259893459
  0.34197833489204799  0.35084198968732228  0.35993506847220808  0.36933641029558673
  0.37892113523469712  0.38852678219456899  0.39788881940622511  0.40702625543920956
  0.41621699696010950  0.42560914502794567  0.43517914217296294  0.44485300170361863
  0.45442334798207468  0.46368683843172182  0.47294519844421662  0.48241307700230823
  0.49216199017042978  0.50167500838958046  0.51075484197588428  0.51999897582529564
  0.52954471752689036  0.53916286710020078  0.54857770675063577  0.55772528706579760
  0.56682096191333353  0.57584312327182430  0.58478670299051083  0.59344505979761575
  0.60211912416170299  0.61073393969224099  0.61948907458453595  0.62819305639415579
  0.63692536602923600  0.64557692876619710  0.65429213481111326  0.66308727699090786
  0.67192041326640928  0.68066107472170467  0.68944009651871208  0.69831141192051704
  0.70711204281312789  0.71590518237153511  0.72469817870347897  0.73333503535404021
  0.74182858786539618  0.75038841929388356  0.75913237752208373  0.76801946323586900
  0.77692101867257646  0.78583655138150477  0.79490686977949998  0.80406138592873255
  0.81308120330846034  0.82194057632903261  0.83047764872223306  0.83860383165234664
  0.84635097563781936  0.85383969858487663  0.86128038743652113  0.86873566646681510
  0.87631061145814237  0.88417054779830218  0.89228274478344083  0.90094997288194512
  0.90999116043084627  0.91923619438087656  0.92925817604867944  0.94016011388199872
  0.95189798958697602  0.96441197363386266  0.97976450743691113  1.00000000000000000
 -0.01775806854330601  0.10122452369481906  0.13658388474779959  0.15740827215433120
  0.17403563903691269  0.18872180935399560  0.20241100000469012  0.21504092340689188
  0.22680825435851457  0.23792005453548154  0.24841067830846505  0.25830605540863577
  0.26767965768246843  0.27662204129889567  0.28523916915983200  0.29364193333677280
  0.30175996606912547  0.30947003354881181  0.31675354605812323  0.32374328806710595
  0.33064710731974950  0.33762677417290293  0.34470225092609186  0.35182913018525974
  0.35905309021313309  0.36643856927619833  0.37385995707841757  0.38101991181518774
  0.38784520684790624  0.39447403154766147  0.40084160879717107  0.40689402799657715
  0.41292610651241446  0.41876337574441547  0.42462015754771587  0.43063552193422572
  0.43676033722949226  0.44293606550673265  0.44899529273194755  0.45481812047719050
  0.46050744315252412  0.46625150287106404  0.47223407819564545  0.47838878178466904
  0.48450561353562877  0.49048577842991864  0.49635396896073952  0.50197302397377985
  0.50744542215770327  0.51293524129798829  0.51825390439537422  0.52400969204357317
  0.53006233587147500  0.53620735096877759  0.54227055648032307  0.54822362220952137
  0.55411066084443961  0.55996607648704277  0.56579010543457264  0.57156529171956949
  0.57735180126875929  0.58318511231957115  0.58911786572577518  0.59497860283671777
  0.60064963219790135  0.60653110979118641  0.61245353102518452  0.61819327947692049
  0.62392225188796480  0.62984408180353313  0.63583326240618498  0.64254510501557971
  0.64929904883332745  0.65587912819585470  0.66248323295615497  0.66926805503254061
  0.67637760123196122  0.68365787109657850  0.69110023224640593  0.69889915479968789
  0.70706990103996059  0.71558702850882672  0.72433121805721501  0.73332423590966722
  0.74298341500933285  0.75304229980323978  0.76356133533981696  0.77460873479042780
  0.78642833859737060  0.79902465297767133  0.81241780173059186  0.82709673420272645
  0.84440750517331631  0.86602677791824334  0.90107531376189509  1.00000000000000000
   1.8247714124899478E-003  -1.0000000000000000     
 F F F F F F F F F F F F F F F F F F F F F F F F F F F F F F F F F F F F F F F F F F F F F F F F F F F F F F F F F F F F F F F F F F F F F F F F F F F F F F F F F F F F F F F F F F F F F F F F
  <DiscreteSampler_grid>
  grouped_processes
  1 # 1 for a reference and 2 for a running grid.
  10 # Attribute 'min_bin_probing_points' of the grid.
  1 # Attribute 'grid_mode' of the grid. 1=='default',2=='initialization'
  0.0000000000000000 # Attribute 'small_contrib_threshold' of the grid.
  0.5000000000000000 # Attribute 'damping_power' of the grid.
 # binID   n_entries weight   weight_sqr   abs_weight
    10   10   9.712828338368886E+004   1.472092171146710E+010   9.712828338368886E+004
    16   10   9.712828338368886E+004   1.472092171146709E+010   9.712828338368886E+004
  </DiscreteSampler_grid>
